1.0000 0.0000
1.0300 0.0536
1.0600 0.1001
1.0900 0.1408
1.1200 0.1768
1.1500 0.2089
1.1800 0.2377
1.2100 0.2638
1.2400 0.2876
1.2700 0.3095
1.3000 0.3298
1.3300 0.3487
1.3600 0.3664
1.3900 0.3831
1.4200 0.3990
1.4500 0.4141
1.4800 0.4285
1.5100 0.4424
1.5400 0.4559
1.5700 0.4689
1.6000 0.4815
1.6300 0.4938
1.6600 0.5058
1.6900 0.5176
1.7200 0.5291
1.7500 0.5405
1.7800 0.5517
1.8100 0.5627
1.8400 0.5736
1.8700 0.5844
1.9000 0.5951
1.9300 0.6057
1.9600 0.6161
1.9900 0.6265
2.0200 0.6369
2.0500 0.6472
2.0800 0.6574
2.1100 0.6675
2.1400 0.6777
2.1700 0.6877
2.2000 0.6978
2.2300 0.7078
2.2600 0.7178
2.2900 0.7277
2.3200 0.7376
2.3500 0.7475
2.3800 0.7574
2.4100 0.7673
2.4400 0.7771
2.4700 0.7869
2.5000 0.7967
2.5300 0.8065
2.5600 0.8163
2.5900 0.8261
2.6200 0.8358
2.6500 0.8456
2.6800 0.8553
2.7100 0.8650
2.7400 0.8747
2.7700 0.8844
2.8000 0.8941
2.8300 0.9038
2.8600 0.9135
2.8900 0.9232
2.9200 0.9329
2.9500 0.9426
2.9800 0.9522
3.0100 0.9619
3.0400 0.9716
3.0700 0.9812
3.1000 0.9909
3.1300 1.0005
3.1600 1.0102
3.1900 1.0198
3.2200 1.0295
3.2500 1.0391
3.2800 1.0488
3.3100 1.0584
3.3400 1.0680
3.3700 1.0777
3.4000 1.0873
3.4300 1.0969
3.4600 1.1066
3.4900 1.1162
3.5200 1.1258
3.5500 1.1354
3.5800 1.1451
3.6100 1.1547
3.6400 1.1643
3.6700 1.1739
3.7000 1.1835
3.7300 1.1932
3.7600 1.2028
3.7900 1.2124
3.8200 1.2220
3.8500 1.2316
3.8800 1.2412
3.9100 1.2508
3.9400 1.2605
3.9700 1.2701
4.0000 1.2797
