0.011608623548922059  0.013793103448276334
0.25538971807628524  0.248275862068966
0.39469320066334995  0.317241379310345
0.5688225538971807  0.4137931034482758
1.1608623548922057  0.6068965517241391
1.9966832504145937  0.8689655172413797
2.5538971807628523  1.0482758620689658
2.9950248756218905  1.2275862068965528
3.737976782752902  1.6000000000000005
4.330016583747927  1.9586206896551728
4.7363184079602  2.3310344827586214
5.119402985074626  2.6896551724137936
5.3864013266998345  3.0482758620689663
5.5721393034825875  3.4206896551724144
5.839137645107794  3.779310344827587
6.048092868988391  4.110344827586207
6.1525704809286905  4.482758620689656
6.2106135986733  4.855172413793104
6.384742951907131  5.2137931034482765
6.454394693200664  5.586206896551725
