1.024064353398323 0.027998792399909433
1.144386120389938 0.16799275439946193
1.2897948053718726 0.2663537294391469
1.3868702706387621 0.32264347555096773
1.4839457359056514 0.37893322166278764
1.629763446724385 0.4494414849585615
1.7757856704615176 0.5060233923823807
1.9462812734337718 0.5627513804622
2.019087872383939 0.6049686900460642
2.116367850569228 0.6473320802859286
2.2383257209080374 0.6759151953098375
2.360079078328448 0.718424666205701
2.4573590565137367 0.7607880564455654
2.5793169268525467 0.7893711714694742
2.652328038721113 0.8176621251813838
2.7742859090599223 0.8462452402052927
2.920103619878656 0.9167535035010665
3.0905992228509103 0.9734814915808849
3.237234985343241 0.9882843313888374
3.3587838298452524 1.0447201581566565
3.480741700184062 1.0733032731805654
3.553752812052628 1.101594226892475
3.6753016565546393 1.158030053660294
3.797259526893449 1.186613168684203
3.91880837139546 1.243048995452022
4.089303974367715 1.2997769835318405
4.260004090258367 1.342578615739705
4.454768559547345 1.4133790403474782
4.601199809121276 1.4421082360273854
4.747222032858408 1.4986901434512045
4.893244256595541 1.5552720508750246
5.063944372486195 1.5980736830828866
5.258708841775172 1.6688741076906597
5.185697729906606 1.64058315397875
5.429204444747427 1.725602095770478
