1.0000 0.0000
1.0400 0.0483
1.0800 0.0916
1.1200 0.1306
1.1600 0.1662
1.2000 0.1988
1.2400 0.2290
1.2800 0.2570
1.3200 0.2833
1.3600 0.3080
1.4000 0.3314
1.4400 0.3536
1.4800 0.3749
1.5200 0.3953
1.5600 0.4149
1.6000 0.4339
1.6400 0.4523
1.6800 0.4701
1.7200 0.4875
1.7600 0.5045
1.8000 0.5211
1.8400 0.5374
1.8800 0.5534
1.9200 0.5692
1.9600 0.5847
2.0000 0.6000
2.0400 0.6151
2.0800 0.6300
2.1200 0.6448
2.1600 0.6594
2.2000 0.6739
2.2400 0.6883
2.2800 0.7026
2.3200 0.7168
2.3600 0.7309
2.4000 0.7449
2.4400 0.7588
2.4800 0.7726
2.5200 0.7864
2.5600 0.8001
2.6000 0.8138
2.6400 0.8274
2.6800 0.8410
2.7200 0.8545
2.7600 0.8680
2.8000 0.8814
2.8400 0.8948
2.8800 0.9082
2.9200 0.9215
2.9600 0.9349
3.0000 0.9481
3.0400 0.9614
3.0800 0.9746
3.1200 0.9879
3.1600 1.0011
3.2000 1.0142
3.2400 1.0274
3.2800 1.0405
3.3200 1.0537
3.3600 1.0668
3.4000 1.0799
3.4400 1.0929
3.4800 1.1060
3.5200 1.1191
3.5600 1.1321
3.6000 1.1451
3.6400 1.1582
3.6800 1.1712
3.7200 1.1842
3.7600 1.1972
3.8000 1.2102
3.8400 1.2231
3.8800 1.2361
3.9200 1.2491
3.9600 1.2620
4.0000 1.2750
4.0400 1.2879
4.0800 1.3009
4.1200 1.3138
4.1600 1.3268
4.2000 1.3397
4.2400 1.3526
4.2800 1.3655
4.3200 1.3784
4.3600 1.3913
4.4000 1.4042
4.4400 1.4171
4.4800 1.4300
4.5200 1.4429
4.5600 1.4558
4.6000 1.4687
4.6400 1.4816
4.6800 1.4945
4.7200 1.5074
4.7600 1.5202
4.8000 1.5331
4.8400 1.5460
4.8800 1.5588
4.9200 1.5717
4.9600 1.5846
5.0000 1.5974
