1  -0.0002442698367470797
1.244514106583072  0.19403167365549745
1.3385579937304075  0.27175019338028683
1.507836990595611  0.37527989252127103
1.752351097178683  0.46565973211741163
1.9780564263322882  0.5950413223140494
2.2413793103448274  0.6464194113096937
2.749216300940439  0.8531124048365433
3.25705329153605  1.0078573464153395
3.6896551724137927  1.2147131865000196
4.310344827586206  1.5640190530472653
4.818181818181818  1.913569189431258
5.137931034482758  2.2895004681838533
5.476489028213166  2.639417009322965
5.702194357366771  3.0025648332858355
5.890282131661442  3.3917681065016483
6.134796238244514  3.7289011928510356
6.322884012539186  4.092130440092822
6.341692789968652  4.455726092089728
6.435736677115987  4.845132923502829
6.605015673981191  5.208402882384073
6.680250783699059  5.571876399462606
