1.0000 0.0000
1.0700 0.0629
1.1400 0.1186
1.2100 0.1686
1.2800 0.2143
1.3500 0.2564
1.4200 0.2957
1.4900 0.3327
1.5600 0.3677
1.6300 0.4012
1.7000 0.4333
1.7700 0.4643
1.8400 0.4943
1.9100 0.5235
1.9800 0.5520
2.0500 0.5799
2.1200 0.6072
2.1900 0.6341
2.2600 0.6605
2.3300 0.6867
2.4000 0.7124
2.4700 0.7379
2.5400 0.7632
2.6100 0.7882
2.6800 0.8130
2.7500 0.8377
2.8200 0.8622
2.8900 0.8865
2.9600 0.9107
3.0300 0.9347
3.1000 0.9587
3.1700 0.9826
3.2400 1.0063
3.3100 1.0300
3.3800 1.0536
3.4500 1.0771
3.5200 1.1006
3.5900 1.1240
3.6600 1.1473
3.7300 1.1706
3.8000 1.1938
3.8700 1.2170
3.9400 1.2402
4.0100 1.2633
4.0800 1.2864
4.1500 1.3094
4.2200 1.3324
4.2900 1.3554
4.3600 1.3784
4.4300 1.4013
4.5000 1.4242
4.5700 1.4471
4.6400 1.4699
4.7100 1.4928
4.7800 1.5156
4.8500 1.5384
4.9200 1.5612
4.9900 1.5839
5.0600 1.6067
5.1300 1.6294
5.2000 1.6522
5.2700 1.6749
5.3400 1.6976
5.4100 1.7203
5.4800 1.7429
5.5500 1.7656
5.6200 1.7883
5.6900 1.8109
5.7600 1.8336
5.8300 1.8562
5.9000 1.8788
5.9700 1.9014
6.0400 1.9240
6.1100 1.9466
6.1800 1.9692
6.2500 1.9918
6.3200 2.0144
6.3900 2.0370
6.4600 2.0595
6.5300 2.0821
6.6000 2.1047
6.6700 2.1272
6.7400 2.1498
6.8100 2.1723
6.8800 2.1948
6.9500 2.2174
7.0200 2.2399
7.0900 2.2624
7.1600 2.2850
7.2300 2.3075
7.3000 2.3300
7.3700 2.3525
7.4400 2.3750
7.5100 2.3975
7.5800 2.4200
7.6500 2.4425
7.7200 2.4650
7.7900 2.4875
7.8600 2.5100
7.9300 2.5325
8.0000 2.5550
