1.0000 0.0000 0.0000
1.1333 0.1641 0.1860
1.2667 0.2635 0.3337
1.4000 0.3339 0.4674
1.5333 0.3902 0.5984
1.6667 0.4395 0.7325
1.8000 0.4850 0.8731
1.9333 0.5286 1.0220
2.0667 0.5713 1.1806
2.2000 0.6136 1.3499
2.3333 0.6560 1.5306
2.4667 0.6986 1.7233
2.6000 0.7418 1.9286
2.7333 0.7856 2.1472
2.8667 0.8301 2.3796
3.0000 0.8755 2.6264
3.1333 0.9218 2.8884
3.2667 0.9692 3.1662
3.4000 1.0178 3.4607
3.5333 1.0677 3.7726
3.6667 1.1190 4.1031
3.8000 1.1719 4.4530
3.9333 1.2264 4.8237
4.0667 1.2827 5.2162
4.2000 1.3410 5.6322
4.3333 1.4015 6.0731
4.4667 1.4644 6.5408
4.6000 1.5298 7.0373
4.7333 1.5982 7.5648
4.8667 1.6697 8.1258
5.0000 1.7447 8.7233
