1.0231164231961043 0.010712704736609346
1.0924037184594955 0.06445329791943344
1.1616910137228862 0.11819389110225753
1.184621513944223 0.17175741478530338
1.300265604249668 0.2256750774679066
1.4159096945551128 0.27959274015050894
1.531553784860558 0.3335104028331122
1.6933067729083668 0.4410801239486499
1.8554316069057109 0.4684373616644528
1.971137671536078 0.5089862771137668
2.0636653386454182 0.5494466578131911
2.202549800796813 0.5900841080123946
2.3413722886232846 0.6440903054448874
2.549667994687915 0.7117308543603356
2.734847277556441 0.7659141212926066
2.8968481629039404 0.8200088534749881
3.0588490482514388 0.8741035856573705
3.220849933598938 0.9281983178397519
3.405967242142541 0.9957503320053123
3.591084550686145 1.0633023461708717
3.7762638335546708 1.1174856131031428
3.961257193448429 1.2117751217352808
4.100141655599823 1.2524125719344843
4.192669322709164 1.2928729526339087
4.285196989818504 1.333333333333333
4.377724656927844 1.3737937140327574
4.470252324037185 1.4142540947321818
4.609012837538734 1.481629039397963
4.747835325365205 1.5356352368304558
4.886533864541832 1.6163789287295254
5.025294378043382 1.6837538733953066
5.094581673306773 1.7374944665781316
5.187047366091191 1.7913235945108452
