1.0231164231961043 0.010712704736609346
1.1155201416555998 0.0779105799026123
1.1847454625940683 0.1450199203187248
1.277211155378486 0.19884904825143845
1.3929172200088535 0.23939796370075328
1.5316777335104028 0.3067729083665336
1.6936166445329794 0.37423638778220436
1.8324391323594513 0.42824258521469627
2.0175564409030544 0.4957945993802557
2.202673749446658 0.563346613545816
2.318317839752103 0.6172642762284193
2.4803187250996017 0.6713590084108008
2.6192031872509958 0.7119964586100034
2.734909251881364 0.7525453740593173
2.850615316511731 0.7930942895086321
2.9431429836210716 0.8335546702080574
3.0589110225763614 0.8607348384240812
3.1977335104028337 0.914741035856574
3.313439575033201 0.955289951305887
3.4291456396635684 0.9958388667552018
3.4984949092518822 1.0362107127047366
3.614200973882249 1.0767596281540506
3.729907038512617 1.1173085436033636
3.8223727312970346 1.1711376715360773
3.961257193448429 1.2117751217352808
4.053846834882692 1.2388667552014168
4.192607348384241 1.306241699867197
4.285196989818504 1.333333333333333
4.4240194776449755 1.387339530765825
4.53966356795042 1.4412571934484282
4.632129260734839 1.4950863213811418
4.747773351040283 1.549003984063745
4.8865958388667545 1.603010181496237
4.978937583001328 1.6835768038955283
5.094643647631695 1.7241257193448423
5.163868968570164 1.7912350597609557
5.302629482071714 1.8586100044267369
5.418211598052236 1.9258964143426294
5.510677290836654 1.979725542275343
5.579964586100044 2.033466135458167
5.626073483842409 2.0871181938911016
5.718477202301904 2.1543160690571037
5.811004869411244 2.1947764497565294
5.903346613545818 2.2753430721558203
5.99568835768039 2.355909694555112
6.088154050464808 2.409738822487826
6.134077025232403 2.5034971226206277
6.272775564409031 2.5842408145196987
6.341876936697655 2.6780876494023897
6.457273129703409 2.7854803010181493
6.54955289951306 2.8794156706507295
6.595475874280655 2.9731739707835314
6.64158477202302 3.0268260292164664
6.710686144311643 3.120672864099159
6.779911465250111 3.1877822045152717
6.8257724656927845 3.294909251881363
6.871881363435149 3.3485613103142975
6.917990261177512 3.4022133687472325
6.964037184594954 3.4692341744134567
6.986781761841524 3.5629039397963695
7.056007082779991 3.630013280212483
7.10199203187251 3.710402833111996
7.14797698096503 3.7907923860115087
7.193961930057548 3.871181938911022
7.239946879150067 3.9515714918105345
7.262691456396635 4.045241257193448
7.3317308543603374 4.152456839309428
7.377715803452855 4.232846392208941
7.400274457724657 4.366622399291721
7.469065958388668 4.5273129703408586
7.514926958831341 4.634440017706949
7.56066401062417 4.768304559539619
7.606463036741922 4.888800354138999
7.628897742363879 5.049313855688357
7.6977512173528115 5.196635679504205
7.743612217795485 5.303762726870296
7.766232846392209 5.424169986719787
7.788729526339089 5.571314741035856
7.834466578131917 5.705179282868525
7.857087206728641 5.825586542718016
7.85659141212926 5.932536520584328
7.879459938025676 5.9994687915006635
7.879212040725985 6.05294378043382
