1.0462948207171316 0.010801239486498915
1.0924037184594955 0.06445329791943344
1.1616290393979636 0.13156263833554682
1.2309783089862771 0.17193448428508162
1.3003275785745907 0.2123063302346173
1.3464984506418771 0.25258964143426255
1.4159096945551128 0.27959274015050894
1.4852589641434264 0.31996458610004375
1.554670208056662 0.34696768481629015
1.6703762726870295 0.3875166002656041
1.7628419654714476 0.44134572819831774
1.8553696325807882 0.4818061088977421
1.971137671536078 0.5089862771137668
2.063727312970341 0.5360779105799027
2.1562549800796815 0.5765382912793271
2.2256662239929175 0.6035413899955726
2.3414342629482072 0.6307215582115981
2.457078353253652 0.6846392208942005
2.5727224435590976 0.7385568835768037
2.6885524568393095 0.7523683045595391
2.804258521469677 0.792917220008853
2.943081009296149 0.8469234174413467
3.0587870739265166 0.8874723328906597
3.220849933598938 0.9281983178397519
3.35967242142541 0.9822045152722447
3.4984949092518822 1.0362107127047366
3.637317397078353 1.0902169101372294
3.7993182824258525 1.144311642319611
3.9844975652943786 1.198494909251881
4.100141655599823 1.2524125719344843
4.192607348384241 1.306241699867197
4.308375387339531 1.3334218680832226
4.4240194776449755 1.387339530765825
4.516485170429394 1.4411686586985386
4.632129260734839 1.4950863213811418
4.747773351040283 1.549003984063745
4.840239043824701 1.6028331119964587
4.955883134130147 1.6567507746790602
