1.0000 0.0000 0.0000
1.2333 0.9867 1.2169
1.4667 1.9264 2.8254
1.7000 3.0288 5.1490
1.9333 4.4038 8.5140
2.1667 6.1305 13.2827
2.4000 8.2790 19.8697
2.6333 10.9188 28.7529
2.8667 14.1227 40.4851
3.1000 17.9696 55.7057
3.3333 22.5469 75.1562
3.5667 27.9526 99.6977
3.8000 34.2987 130.3349
4.0333 41.7136 168.2450
4.2667 50.3476 214.8163
4.5000 60.3774 271.6985
4.7333 72.0145 340.8685
4.9667 85.5141 424.7199
5.2000 101.1894 526.1849
5.4333 119.4298 648.9020
5.6667 140.7274 797.4554
5.9000 165.7150 977.7186
6.1333 195.2223 1197.3634
6.3667 230.3615 1466.6346
6.6000 272.6615 1799.5657
6.8333 324.2869 2215.9605
7.0667 388.4109 2744.7705
7.3000 469.8857 3430.1654
7.5333 576.5293 4343.1875
7.7667 721.8112 5606.0669
8.0000 931.0990 7448.7919
