1.0000 0.0000 0.0000
1.1500 0.1353 0.1556
1.3000 0.2324 0.3022
1.4500 0.3095 0.4487
1.6000 0.3752 0.6002
1.7500 0.4342 0.7599
1.9000 0.4893 0.9297
2.0500 0.5420 1.1112
2.2000 0.5934 1.3056
2.3500 0.6442 1.5139
2.5000 0.6948 1.7371
2.6500 0.7457 1.9760
2.8000 0.7970 2.2315
2.9500 0.8490 2.5046
3.1000 0.9020 2.7962
3.2500 0.9561 3.1074
3.4000 1.0116 3.4393
3.5500 1.0685 3.7932
3.7000 1.1271 4.1704
3.8500 1.1877 4.5725
4.0000 1.2503 5.0013
4.1500 1.3153 5.4586
4.3000 1.3829 5.9466
4.4500 1.4535 6.4679
4.6000 1.5272 7.0251
4.7500 1.6045 7.6216
4.9000 1.6859 8.2608
5.0500 1.7717 8.9472
5.2000 1.8626 9.6854
5.3500 1.9591 10.4813
5.5000 2.0621 11.3414
