1.0000 0.0000 0.0000
1.2333 0.1585 0.1955
1.4667 0.2769 0.4061
1.7000 0.3763 0.6397
1.9333 0.4661 0.9011
2.1667 0.5510 1.1937
2.4000 0.6336 1.5206
2.6333 0.7157 1.8848
2.8667 0.7985 2.2891
3.1000 0.8829 2.7370
3.3333 0.9697 3.2323
3.5667 1.0596 3.7793
3.8000 1.1535 4.3831
4.0333 1.2520 5.0499
4.2667 1.3563 5.7869
4.5000 1.4673 6.6027
4.7333 1.5862 7.5082
4.9667 1.7147 8.5163
5.2000 1.8545 9.6434
5.4333 2.0080 10.9101
5.6667 2.1781 12.3426
5.9000 2.3686 13.9749
6.1333 2.5845 15.8519
6.3667 2.8326 18.0342
6.6000 3.1220 20.6054
6.8333 3.4660 23.6842
7.0667 3.8838 27.4452
7.3000 4.4049 32.1558
7.5333 5.0771 38.2473
7.7667 5.9824 46.4635
8.0000 7.2758 58.2062
