1.0000 0.0000 0.0000
1.1333 0.2440 0.2765
1.2667 0.3920 0.4965
1.4000 0.4972 0.6961
1.5333 0.5818 0.8921
1.6667 0.6560 1.0934
1.8000 0.7250 1.3050
1.9333 0.7913 1.5299
2.0667 0.8566 1.7703
2.2000 0.9217 2.0277
2.3333 0.9873 2.3036
2.4667 1.0537 2.5992
2.6000 1.1214 2.9158
2.7333 1.1907 3.2545
2.8667 1.2617 3.6168
3.0000 1.3347 4.0041
3.1333 1.4100 4.4180
3.2667 1.4879 4.8605
3.4000 1.5687 5.3335
3.5333 1.6526 5.8394
3.6667 1.7402 6.3807
3.8000 1.8317 6.9606
3.9333 1.9278 7.5826
4.0667 2.0288 8.2506
4.2000 2.1356 8.9695
4.3333 2.2488 9.7447
4.4667 2.3693 10.5829
4.6000 2.4982 11.4917
4.7333 2.6367 12.4805
4.8667 2.7865 13.5608
5.0000 2.9493 14.7464
