1.0070183624149607  0.02062301109433573
1.0492205379101642  0.11806521885560572
1.0913964274038137  0.2004981197294513
1.1405315358089272  0.2566450190491363
1.2037230835451271  0.3390187764194854
1.2528581919502404  0.39516567573917083
1.291446042231747  0.42882818647946674
1.3475535125491012  0.46619373768870487
1.3861610773317736  0.5111132285945699
1.4422422616475736  0.5334694729163822
1.4878419028436525  0.5708645958773695
1.5439296586598412  0.5969731669210385
1.6035397386842867  0.6343288608796942
1.6526222750862918  0.660457146424529
1.7017113829886854  0.69033775869122
1.757785995804097  0.7089416762911762
1.8173895043281543  0.7425450435279757
1.8699615074364742  0.7611588183785152
1.9330676256676231  0.7947523283647313
1.9961671723983838  0.8245935116290917
2.0452497088003887  0.850721797173926
2.1013440361169664  0.8805826949394517
2.157418648932378  0.8991866125394083
2.2065011853343823  0.9253148980842432
2.2590797599430905  0.9476809996566389
2.32218587817424  0.981274509642855
2.3712749860766333  1.0111551219095465
2.4238601321857303  1.0372735502037989
2.4904491456228053  1.059600222773863
2.5430342917319027  1.0857186510681154
2.595619437840999  1.1118370793623673
2.6622215942788516  1.1416684053761443
2.7113172736816336  1.175301344364692
2.756890628876158  1.1976871604382535
2.8199836041065303  1.2237760169807568
2.8620674925947402  1.253676343748614
2.921651286617632  1.276022730819844
2.9917823387641302  1.3208535064704634
3.0408648751661356  1.3469817920152982
3.082942192153957  1.3731297920612988
3.1530535297992897  1.4067035875463494
3.2021360662012945  1.4328318730911842
3.247729135896985  1.4664746693303146
3.317860188043483  1.5113054449809342
3.384475487482113  1.5486414244384241
3.493161532408175  1.608373077220058
3.5562676506393243  1.6419665872062743
3.64040914161419  1.6867579338545626
3.686015354310658  1.7279053835374056
3.735097890712663  1.7540336690822405
3.7982237234449774  1.7988841592340257
3.8438036501398907  1.8250223020294434
3.8858875386280998  1.8549226287973002
3.9455173331537123  1.9035353029215245
3.99809590776242  1.9259014044939204
4.043715263459665  1.9745535076204759
4.092817514362835  2.0119387733308796
4.145415803472709  2.0455618550688444
4.187519406462084  2.08671916200227
4.240117695571959  2.1203422437402346
4.289233089475906  2.165232162894351
4.341844521586556  2.2063598980760286
4.390940200989339  2.2399928370645763
4.4400490233928975  2.2811304294968364
4.485642093088588  2.3147732257359666
4.527732553077187  2.3484258792256796
4.576861089981912  2.400820451823509
4.611952902056714  2.438245146536244
4.668086658375623  2.4906200046329072
4.713706014072868  2.539272107759463
4.752300435854763  2.5766869452216152
4.801402686757933  2.614072210932019
4.840010251540606  2.658991701837884
4.8821204260303706  2.703901335493166
4.9277529247283915  2.760058092063434
4.96286445130436  2.808739766941738
4.987422148256334  2.8311847265187966
