1.0000 0.0000 0.0000
1.1333 0.1448 0.1641
1.2667 0.2630 0.3331
1.4000 0.3645 0.5103
1.5333 0.4551 0.6978
1.6667 0.5383 0.8972
1.8000 0.6165 1.1098
1.9333 0.6913 1.3366
2.0667 0.7638 1.5785
2.2000 0.8348 1.8365
2.3333 0.9049 2.1114
2.4667 0.9745 2.4039
2.6000 1.0442 2.7149
2.7333 1.1141 3.0453
2.8667 1.1847 3.3961
3.0000 1.2561 3.7683
3.1333 1.3286 4.1630
3.2667 1.4025 4.5814
3.4000 1.4779 5.0250
3.5333 1.5552 5.4951
3.6667 1.6346 5.9935
3.8000 1.7164 6.5222
3.9333 1.8008 7.0832
4.0667 1.8883 7.6790
4.2000 1.9792 8.3125
4.3333 2.0739 8.9868
4.4667 2.1729 9.7058
4.6000 2.2769 10.4737
4.7333 2.3865 11.2959
4.8667 2.5024 12.1784
5.0000 2.6257 13.1287
