1.0000 0.0000 0.0000
1.2333 0.1606 0.1980
1.4667 0.2806 0.4115
1.7000 0.3815 0.6486
1.9333 0.4729 0.9142
2.1667 0.5594 1.2121
2.4000 0.6440 1.5455
2.6333 0.7282 1.9177
2.8667 0.8135 2.3320
3.1000 0.9007 2.7923
3.3333 0.9909 3.3029
3.5667 1.0848 3.8690
3.8000 1.1834 4.4968
4.0333 1.2876 5.1933
4.2667 1.3987 5.9677
4.5000 1.5179 6.8306
4.7333 1.6470 7.7956
4.9667 1.7878 8.8796
5.2000 1.9431 10.1040
5.4333 2.1159 11.4965
5.6667 2.3106 13.0937
5.9000 2.5329 14.9441
6.1333 2.7904 17.1147
6.3667 3.0941 19.6993
6.6000 3.4598 22.8346
6.8333 3.9113 26.7270
7.0667 4.4864 31.7040
7.3000 5.2490 38.3176
7.5333 6.3156 47.5774
7.7667 7.9245 61.5470
8.0000 10.6510 85.2080
