1.0000 0.0000 0.0000
1.2333 0.1587 0.1957
1.4667 0.2764 0.4054
1.7000 0.3742 0.6361
1.9333 0.4613 0.8919
2.1667 0.5425 1.1753
2.4000 0.6200 1.4881
2.6333 0.6956 1.8317
2.8667 0.7700 2.2073
3.1000 0.8439 2.6162
3.3333 0.9178 3.0595
3.5667 0.9921 3.5384
3.8000 1.0669 4.0541
4.0333 1.1425 4.6081
4.2667 1.2192 5.2018
4.5000 1.2971 5.8368
4.7333 1.3764 6.5148
4.9667 1.4573 7.2377
5.2000 1.5399 8.0077
5.4333 1.6246 8.8270
5.6667 1.7114 9.6982
5.9000 1.8007 10.6241
6.1333 1.8926 11.6079
6.3667 1.9874 12.6531
6.6000 2.0854 13.7636
6.8333 2.1869 14.9438
7.0667 2.2922 16.1985
7.3000 2.4018 17.5333
7.5333 2.5161 18.9544
7.7667 2.6355 20.4687
8.0000 2.7605 22.0844
