1.0105406866232183  0.03187013400932148
1.136805495088625  0.12907576775660523
1.2841319622993024  0.25248854505338514
1.4911013670363682  0.4320186499181027
1.6384278342470455  0.555431427214883
1.8488012761853754  0.6786667740011727
2.0661733660375003  0.7981300795644408
2.2203999086561446  0.8614859148103542
2.343076677909408  0.9099211584240883
2.5008058302351444  0.9732671364194192
2.6375258958187184  1.0404245846401032
2.77772228510783  1.0925628687227795
2.9249501798126794  1.159690745191715
3.065153140602179  1.2155813559962474
3.426237372451284  1.3946777418353211
3.7102576192439813  1.5702386604653604
3.927636280596495  1.693454292750485
4.060958880479194  1.8206588257714527
4.285336189745502  1.940102416833555
4.4993173853971395  2.123365133918963
4.790546568116065  2.4152284664253827
