1.0105209721220525  0.02061315384375284
1.0456127841968559  0.05803784855648786
1.0947413211015806  0.11043242115431706
1.1368712100925105  0.16659903497516826
1.1894957852039383  0.21523142360055836
1.2491190082291612  0.260091771002926
1.2947252209256286  0.301239220685769
1.3683654542796073  0.34981246580766223
1.4630936323804111  0.4396021613664778
1.5787783252202683  0.4955617729250896
1.7225496107207456  0.5889657936976027
1.831222512646031  0.6411927930355237
1.9293941569504296  0.6972016908470495
2.003014675803243  0.7345179558033741
2.1152033304363966  0.7942397513344255
2.2168644414471097  0.842734138451656
2.2799705596782593  0.8763276484378721
2.3781290609818804  0.9248318928056856
2.465786304664615  0.9771180356471039
2.542916004724909  1.0181767700747018
2.634062715113958  1.0629484022218239
2.6971754048454954  1.1002942389298966
2.7988365158562085  1.1487886260471276
2.8759596444161137  1.1860950337528688
2.9566050971842763  1.2346485643735963
3.0302321875374783  1.2757171560517766
3.1213591834253616  1.3092318080333305
3.1844653016565108  1.3428253180195466
3.247584562888437  1.3839234814494759
3.3141867193262895  1.4137548074632527
3.3773125520586045  1.4586052976150379
3.4298911266673127  1.4809713991874336
3.4964867116047764  1.5070503984793546
3.559599401336314  1.5443962351874272
3.6612933698489702  1.6116522559139392
3.762974195360849  1.671403623196739
3.8401038954211426  1.7124623576243367
3.948822797849147  1.7909556440152523
4.0610245954830795  1.858182092990016
4.13816743854415  1.9067454808613262
4.204789309483168  1.9478337870406723
4.2749203616296665  1.9926645626912918
4.334537013154501  2.0337725833718037
4.401172027094296  2.0823655429948627
4.471303079240795  2.127196318645482
4.530939445266795  2.1795613194915626
4.63263341377945  2.2468173402180747
4.723832696171607  2.3216075861400483
4.829048988892522  2.4001107297815465
4.906218117955145  2.463683424540282
4.997437114848469  2.5497306506278243