1.0057525468629722  0.004232635445490018
1.0746617474704745  0.05352862172352246
1.1550274971046555  0.10280149147809325
1.2468983404647809  0.16617544054314592
1.3329680922626685  0.20837465411901857
1.413285297197584  0.24352332803964938
1.493626774482132  0.28573409987725107
1.5797207986296524  0.3349954113700928
1.6771985547549533  0.3630473125885656
1.7919339514691708  0.41225083277275765
1.9066208034841226  0.4473301571230106
2.021331927848707  0.4894715793902318
2.136091596912557  0.5457371974913947
2.262259270303821  0.5878555032351569
2.388426943695084  0.62997380897892
2.5547653557286214  0.6931975006414834
2.7210552230628933  0.742296996470106
2.887345090397165  0.7913964922987304
3.0249935851647396  0.8405537794360036
3.1969874546627186  0.8825796190859272
3.3346359494302935  0.9317369062231995
3.4436187992815386  0.9738898867521524
3.541120827756472  1.0090038858875934
3.6558076797714243  1.0440832102378463
3.781926808463422  1.0720773201476685
3.902390479690979  1.1212692820701315
4.03435924464448  1.1845623233030738
4.166303737248349  1.2407932666190469
4.315384508692969  1.2828653393158902
4.441624999133131  1.3461699388105623
4.579249221551073  1.3882651280308655
4.745563361234978  1.444426721776459
4.934887688370772  1.5287904741430127
5.11270692178062  1.5990531471990872
5.347905989722395  1.6974486293057414
5.485603029189235  1.7607301122769545
5.600435515301984  1.8381820241290274
5.74383655693253  1.8943898509215407
5.881606413448269  1.9788576276436638
6.059498463907017  2.0703065944506474
6.2260067823879846  2.1829649715320016
6.346567543014071  2.260405325122345
6.46140002912682  2.3378572369744175
6.5590476916995515  2.4153438236116798
6.650918535059676  2.478717772676732
6.754318744495379  2.5632548989692348
6.846238132554769  2.640753043868227
6.949686886689738  2.7394143659946697
7.05299000672691  2.795703100619292
7.133549935158153  2.901472753709625
7.225590684965708  3.0142813881934676
7.311781798511759  3.0917910913541897
7.37510835870372  3.1834712233957716
7.4441874657586515  3.2822018950925935
7.5075382983002426  3.380944125051146
7.576568860655909  3.465550600914028
7.668706699861996  3.606607627065751
7.732203166501384  3.747722444526123
7.812787367282261  3.8605541955334264
7.858977648633468  3.9663931981941376
7.91094474919728  4.08634483842706
7.945678481521808  4.192206957611232
7.986164760709309  4.305119616450643
