1.0000 0.0000 0.0000
0.9710 -0.0414 -0.0402
0.9420 -0.0855 -0.0805
0.9130 -0.1325 -0.1209
0.8840 -0.1828 -0.1616
0.8550 -0.2370 -0.2026
0.8260 -0.2956 -0.2442
0.7970 -0.3594 -0.2864
0.7680 -0.4291 -0.3296
0.7390 -0.5058 -0.3738
0.7100 -0.5906 -0.4193
0.6810 -0.6850 -0.4665
0.6520 -0.7910 -0.5157
0.6230 -0.9107 -0.5673
0.5940 -1.0470 -0.6219
0.5650 -1.2037 -0.6801
0.5360 -1.3854 -0.7426
0.5070 -1.5984 -0.8104
0.4780 -1.8511 -0.8848
0.4490 -2.1546 -0.9674
0.4200 -2.5244 -1.0602
0.3910 -2.9825 -1.1662
0.3620 -3.5608 -1.2890
0.3330 -4.3071 -1.4343
0.3040 -5.2958 -1.6099
0.2750 -6.6481 -1.8282
0.2460 -8.5725 -2.1088
0.2170 -11.4555 -2.4858
0.1880 -16.0863 -3.0242
0.1590 -24.3196 -3.8668
0.1300 -41.6256 -5.4113
