1.0000 0.0000 0.0000
0.9710 -0.0444 -0.0431
0.9420 -0.0916 -0.0863
0.9130 -0.1419 -0.1296
0.8840 -0.1959 -0.1731
0.8550 -0.2539 -0.2171
0.8260 -0.3169 -0.2617
0.7970 -0.3854 -0.3071
0.7680 -0.4604 -0.3536
0.7390 -0.5431 -0.4013
0.7100 -0.6349 -0.4507
0.6810 -0.7374 -0.5022
0.6520 -0.8528 -0.5560
0.6230 -0.9838 -0.6129
0.5940 -1.1338 -0.6735
0.5650 -1.3071 -0.7385
0.5360 -1.5096 -0.8091
0.5070 -1.7488 -0.8866
0.4780 -2.0350 -0.9727
0.4490 -2.3824 -1.0697
0.4200 -2.8111 -1.1807
0.3910 -3.3502 -1.3099
0.3620 -4.0435 -1.4637
0.3330 -4.9592 -1.6514
0.3040 -6.2093 -1.8876
0.2750 -7.9898 -2.1972
0.2460 -10.6734 -2.6257
0.2170 -15.0618 -3.2684
0.1880 -23.2481 -4.3706
0.1590 -43.1940 -6.8678
0.1300 -214.7843 -27.9220
