0.9999815124082552  0.10950816843428512
0.9474829143839625  0.28168927288302115
0.918654596323434  0.22363823480473854
0.8576825187494992  0.4001331106605619
0.8085178497698293  0.35243512395930665
0.7695768190249643  0.5177141941566887
0.7475642597876391  0.601647860677506
0.7051968620394278  0.6232167177129604
0.6815265820756635  0.8534488602399648
0.6391961595109414  1.0204534390001854
0.6036075454024441  1.0385712789099664
0.5528406184715692  1.3553253508020475
0.5359121469640292  1.4366707544786195
0.5122048918167756  1.5214671752808577
0.490210820171195  1.678118702664058
0.4733378114388891  1.9776176889277792
0.4513437397933088  2.134269216310983
0.427691947421289  2.4372192197003777
0.4108004510972386  2.6640003451017087
0.38545396281529043  2.967813102772517
0.36355232912843327  3.4880539344676507
0.3450585748531777  4.079287118462322
0.3198230121216977  4.819407041307443
0.2814366091291728  7.16622193737636
0.25649684786560745  9.069827634019628
0.23850225856745821  11.624443061298685
0.2173771037338772  15.198834049213964
0.19503793037572947  20.664752173832657
0.18003216840963565  28.308755107197214
