1.0000 0.0000 0.0000
0.9783 -0.0445 -0.0435
0.9567 -0.0921 -0.0881
0.9350 -0.1433 -0.1340
0.9133 -0.1986 -0.1814
0.8917 -0.2585 -0.2305
0.8700 -0.3236 -0.2815
0.8483 -0.3948 -0.3349
0.8267 -0.4730 -0.3910
0.8050 -0.5592 -0.4502
0.7833 -0.6547 -0.5129
0.7617 -0.7612 -0.5798
0.7400 -0.8803 -0.6514
0.7183 -1.0146 -0.7288
0.6967 -1.1667 -0.8128
0.6750 -1.3402 -0.9046
0.6533 -1.5394 -1.0058
0.6317 -1.7701 -1.1181
0.6100 -2.0395 -1.2441
0.5883 -2.3569 -1.3866
0.5667 -2.7351 -1.5499
0.5450 -3.1913 -1.7393
0.5233 -3.7498 -1.9624
0.5017 -4.4456 -2.2302
0.4800 -5.3320 -2.5593
0.4583 -6.4944 -2.9766
0.4367 -8.0819 -3.5291
0.4150 -10.3874 -4.3108
0.3933 -14.1207 -5.5542
0.3717 -21.9728 -8.1666
0.3500 -118.2967 -41.4038
