1.0000 0.0000 0.0000
0.9767 -0.0448 -0.0437
0.9533 -0.0930 -0.0886
0.9300 -0.1450 -0.1349
0.9067 -0.2016 -0.1828
0.8833 -0.2632 -0.2325
0.8600 -0.3306 -0.2843
0.8367 -0.4048 -0.3387
0.8133 -0.4867 -0.3959
0.7900 -0.5777 -0.4564
0.7667 -0.6792 -0.5207
0.7433 -0.7931 -0.5895
0.7200 -0.9216 -0.6636
0.6967 -1.0675 -0.7437
0.6733 -1.2341 -0.8309
0.6500 -1.4257 -0.9267
0.6267 -1.6476 -1.0325
0.6033 -1.9066 -1.1503
0.5800 -2.2116 -1.2827
0.5567 -2.5740 -1.4329
0.5333 -3.0092 -1.6049
0.5100 -3.5378 -1.8043
0.4867 -4.1885 -2.0384
0.4633 -5.0019 -2.3175
0.4400 -6.0375 -2.6565
0.4167 -7.3858 -3.0774
0.3933 -9.1918 -3.6154
0.3700 -11.7044 -4.3306
0.3467 -15.3981 -5.3380
0.3233 -21.3412 -6.9003
0.3000 -32.8801 -9.8640
