0.998340468729311  0.21406187933088816
0.948589839784614  0.3823689514645956
0.9137749922761178  0.5427314590045746
0.8722867105088935  0.5647996939871405
0.8557267069779759  0.7154521781347896
0.8341881096349913  0.8687528504803517
0.7960365449971312  0.9599682217416223
0.7777993556075384  1.0405908402112658
0.756260758264554  1.1938915125568244
0.7198216886613409  1.4969619396507312
0.6817407423754247  1.8718276912212524
0.6618440217151431  1.9533330390901966
0.6420002648188198  2.247576172191078
0.6022597872622147  2.6233246531609034
0.5857174383192832  2.844889732385866
0.5658736814229598  3.1391328654867507
0.5444410116078916  3.7179091082961833
0.5279516264289181  4.152211972753083
0.48842300392814575  5.378911594650656
0.4736284591958334  5.954156919862882
0.44735843227258676  7.1028821114887215
0.43270512424416285  8.245428197319441
0.4098777419781965  9.888776095687863
0.39370613938297205  11.599505671536392
0.3628282649953657  14.2400435479837
0.3520413117358874  17.579114622412497
0.33422783245795995  26.028306189404304
