0.9905923344947736  0.02785515320334042
0.9655052264808363  0.02785515320334042
0.9388589092814923  0.2228412256267447
0.9137630662020906  0.02785515320334042
0.8871167490027467  0.2228412256267447
0.8714416740267681  0.3203342618384468
0.8463545660128309  0.3203342618384468
0.8212674579988936  0.3203342618384468
0.7930488290159463  0.41782729805014185
0.7695340327856124  0.515320334261844
0.7397474595517941  0.6128133704735461
0.7162282957887278  0.6128133704735461
0.6911455553075228  0.7103064066852411
0.6629181912591111  0.6128133704735461
0.6362762415924995  0.9052924791086383
0.6111935011112944  1.0027855153203404
0.5861107606300893  1.1002785515320355
0.5610280201488843  1.1977715877437376
0.5375088563858181  1.1977715877437376
0.5077353857501965  1.587743732590532
0.48108906855085265  1.782729805013929
0.457578639853251  1.9777158774373333
0.4199610804305416  2.2701949860724255
0.40116321955101764  2.660167130919227
0.3792294701697514  3.0501392757660213
0.35573214407034626  3.5376044568245177
0.3369342831908223  3.927576601671312
0.30874185940426846  4.610027855153206
0.28526200343579244  5.4874651810584965
0.2664816126871973  6.267409470752092
0.24615074781865998  7.437325905292482
0.23364650160628142  8.314763231197773
0.22427814389564515  9.192200557103064
0.21490541865227641  9.97214484679666
0.20397348422350114  10.947075208913652
0.1977541176128036  12.116991643454043
0.18839886250036397  13.286908077994433
0.17906981258431753  15.041782729805021
0.17284607844088773  16.114206128133706
0.1697494977337357  16.991643454039004
0.16354323372123492  18.45403899721449
0.15891364902506955  20.111420612813376
0.14962827443634552  22.84122562674095
0.14498558714198362  24.20612813370474
0.14345258315297038  24.986072423398333
0.14505546766569932  25.766016713091926
0.13584434113342314  30.15320334261839
0.13277396562266452  31.615598885793876
0.13283511108091584  32.98050139275767
0.12976036803742474  34.345403899721454
0.12359341181951411  36.685236768802234
0.12362835208137202  37.46518105849583
