0.9987847222222223  0.08797653958944451
0.9829861111111111  0.014662756598241344
0.9647569444444445  0.08797653958944451
0.9489583333333333  0.08797653958944451
0.9319444444444445  0.16129032258064413
0.9161458333333334  0.23460410557185085
0.9003472222222223  0.23460410557185085
0.885763888888889  0.23460410557185085
0.8675347222222223  0.38123167155425364
0.8493055555555556  0.38123167155425364
0.8335069444444445  0.5278592375366564
0.820138888888889  0.5278592375366564
0.8079861111111113  0.6011730205278596
0.7934027777777779  0.6744868035190628
0.7824652777777779  0.6744868035190628
0.7690972222222223  0.7478005865102624
0.7581597222222223  0.8211143695014655
0.7447916666666667  0.8944281524926687
0.7350694444444446  0.9677419354838719
0.7229166666666668  0.9677419354838719
0.7119791666666668  1.1143695014662782
0.7022569444444446  1.260997067448681
0.6913194444444446  1.260997067448681
0.6791666666666667  1.4076246334310873
0.6682291666666668  1.4076246334310873
0.6621527777777779  1.5542521994134901
0.656076388888889  1.5542521994134901
0.6475694444444446  1.700879765395893
0.6329861111111112  1.9208211143695024
0.6232638888888891  1.9941348973607056
0.6050347222222223  2.2140762463343115
0.5880208333333334  2.3607038123167143
0.5673611111111112  2.873900293255133
0.5503472222222223  3.093841642228739
0.535763888888889  3.460410557184751
0.5126736111111112  4.0469208211143695
0.49079861111111134  4.706744868035191
0.4798611111111113  5.2199413489736095
0.47378472222222234  5.586510263929618
0.46649305555555576  5.879765395894427
0.4579861111111113  6.24633431085044
0.4506944444444446  6.759530791788858
0.43854166666666683  7.346041055718473
0.42881944444444464  8.005865102639294
0.41909722222222234  8.739002932551319
0.40937500000000016  9.618768328445746
0.39965277777777797  10.351906158357771
0.3984375000000001  10.351906158357771
0.3972222222222225  10.498533724340174
0.3875000000000002  11.59824046920821
0.3802083333333335  12.697947214076247
0.3753472222222224  13.431085043988269
0.3704861111111113  14.237536656891496
0.36684027777777795  14.677419354838708
0.3631944444444446  15.483870967741932
0.360763888888889  16.143695014662754
0.35711805555555576  16.87683284457478
0.3534722222222224  17.82991202346041
0.34982638888888906  18.48973607038123
0.3486111111111113  19.222873900293255
0.34496527777777797  19.956011730205276
0.33888888888888913  21.422287390029325
0.3352430555555558  22.52199413489736
0.3352430555555558  23.47507331378299
0.3328125000000002  24.501466275659823
0.32916666666666683  25.454545454545453
0.3267361111111112  26.407624633431084
0.32430555555555574  27.507331378299117
0.32187500000000024  28.387096774193544
