1.0000 0.0000 0.0000
1.0583 0.0410 0.0434
1.1167 0.0782 0.0873
1.1750 0.1126 0.1323
1.2333 0.1447 0.1785
1.2917 0.1752 0.2263
1.3500 0.2044 0.2759
1.4083 0.2327 0.3277
1.4667 0.2604 0.3819
1.5250 0.2877 0.4387
1.5833 0.3150 0.4987
1.6417 0.3423 0.5620
1.7000 0.3700 0.6291
1.7583 0.3983 0.7004
1.8167 0.4274 0.7765
1.8750 0.4576 0.8579
1.9333 0.4890 0.9455
1.9917 0.5222 1.0400
2.0500 0.5573 1.1425
2.1083 0.5950 1.2545
2.1667 0.6358 1.3775
2.2250 0.6804 1.5138
2.2833 0.7298 1.6663
2.3417 0.7854 1.8391
2.4000 0.8491 2.0379
2.4583 0.9239 2.2712
2.5167 1.0142 2.5523
2.5750 1.1279 2.9044
2.6333 1.2805 3.3720
2.6917 1.5082 4.0596
2.7500 1.9400 5.3349
