1.0000 0.0000 0.0000
1.0583 0.0422 0.0446
1.1167 0.0805 0.0899
1.1750 0.1159 0.1362
1.2333 0.1490 0.1837
1.2917 0.1803 0.2329
1.3500 0.2104 0.2840
1.4083 0.2395 0.3373
1.4667 0.2680 0.3931
1.5250 0.2962 0.4516
1.5833 0.3242 0.5133
1.6417 0.3524 0.5785
1.7000 0.3809 0.6476
1.7583 0.4100 0.7210
1.8167 0.4400 0.7993
1.8750 0.4710 0.8832
1.9333 0.5034 0.9733
1.9917 0.5375 1.0706
2.0500 0.5737 1.1761
2.1083 0.6125 1.2914
2.1667 0.6545 1.4180
2.2250 0.7004 1.5583
2.2833 0.7512 1.7153
2.3417 0.8085 1.8932
2.4000 0.8741 2.0978
2.4583 0.9510 2.3379
2.5167 1.0440 2.6274
2.5750 1.1611 2.9898
2.6333 1.3181 3.4711
2.6917 1.5526 4.1790
2.7500 1.9970 5.4917
