1.0000 0.0000 0.0000
1.0583 0.0455 0.0482
1.1167 0.0869 0.0970
1.1750 0.1250 0.1469
1.2333 0.1608 0.1983
1.2917 0.1946 0.2514
1.3500 0.2270 0.3065
1.4083 0.2585 0.3640
1.4667 0.2892 0.4242
1.5250 0.3196 0.4874
1.5833 0.3498 0.5539
1.6417 0.3803 0.6243
1.7000 0.4110 0.6988
1.7583 0.4425 0.7780
1.8167 0.4748 0.8625
1.8750 0.5083 0.9530
1.9333 0.5432 1.0502
1.9917 0.5800 1.1552
2.0500 0.6191 1.2691
2.1083 0.6609 1.3935
2.1667 0.7062 1.5301
2.2250 0.7557 1.6815
2.2833 0.8106 1.8510
2.3417 0.8724 2.0429
2.4000 0.9432 2.2637
2.4583 1.0262 2.5228
2.5167 1.1265 2.8351
2.5750 1.2529 3.2262
2.6333 1.4224 3.7456
2.6917 1.6753 4.5094
2.7500 2.1549 5.9260
