1.0084112149532711  0.014044943820224809
1.0294392523364486  0.021067415730337213
1.0504672897196263  0.04915730337078639
1.0672897196261681  0.0632022471910112
1.0883177570093459  0.077247191011236
1.1093457943925233  0.09831460674157322
1.130373831775701  0.11235955056179758
1.1514018691588785  0.1334269662921348
1.1808411214953272  0.14747191011235916
1.2018691588785047  0.16853932584269637
1.2228971962616821  0.18258426966292118
1.2439252336448599  0.1896067415730336
1.2607476635514019  0.2106741573033708
1.2901869158878505  0.2176966292134832
1.3070093457943925  0.23876404494381998
1.32803738317757  0.24578651685393238
1.3532710280373832  0.2598314606741572
1.3785046728971961  0.273876404494382
1.4037383177570093  0.2879213483146068
1.424766355140187  0.3019662921348316
1.4542056074766356  0.3089887640449436
1.4794392523364486  0.3300561797752808
1.5046728971962617  0.3441011235955056
1.5299065420560747  0.3581460674157304
1.5593457943925233  0.3651685393258428
1.588785046728972  0.38623595505618
1.6098130841121496  0.4002808988764044
1.6350467289719626  0.4073033707865168
1.6686915887850466  0.4213483146067416
1.6939252336448598  0.43539325842696597
1.7191588785046727  0.4494382022471908
1.7528037383177568  0.4634831460674156
1.7864485981308411  0.4845505617977528
1.8200934579439252  0.4985955056179776
1.8579439252336447  0.5196629213483144
1.8957943925233642  0.5407303370786516
1.9378504672897197  0.5688202247191012
1.9841121495327103  0.5898876404494384
2.017757009345794  0.6109550561797752
2.055607476635514  0.6390449438202246
2.093457943925234  0.667134831460674
2.1313084112149534  0.6952247191011234
2.177570093457944  0.7233146067415728
2.2070093457943925  0.7514044943820224
2.2406542056074765  0.7794943820224718
2.270093457943925  0.8075842696629212
2.2953271028037383  0.8356741573033706
2.3163551401869156  0.8497191011235956
2.345794392523364  0.877808988764045
2.3626168224299064  0.9058988764044944
2.404672897196262  0.9480337078651684
2.4467289719626164  0.997191011235955
2.467757009345794  1.039325842696629
2.488785046728972  1.0744382022471908
2.5140186915887845  1.1025280898876402
2.522429906542056  1.1376404494382022
2.5350467289719623  1.1587078651685392
2.547663551401869  1.1797752808988762
2.5602803738317754  1.214887640449438
2.5728971962616822  1.25
2.589719626168224  1.2851123595505618
2.5981308411214954  1.3202247191011236
2.614953271028037  1.348314606741573
2.623364485981308  1.3834269662921346
2.635981308411215  1.4255617977528088
2.6528037383177567  1.467696629213483
2.6654205607476635  1.523876404494382
2.669626168224299  1.5941011235955056
2.6822429906542054  1.643258426966292
2.694859813084112  1.6924157303370786
2.7074766355140185  1.7626404494382022
2.7074766355140185  1.8047752808988764
2.71588785046729  1.8609550561797752
2.7242990654205608  1.9101123595505616
2.728504672897196  1.9592696629213482
2.7327102803738317  2.015449438202247
2.7411214953271026  2.057584269662921
2.753738317757009  2.099719101123595
2.7495327102803735  2.1418539325842696
