1.0000 0.0000 0.0000
1.2333 0.1595 0.1967
1.4667 0.2781 0.4078
1.7000 0.3771 0.6411
1.9333 0.4659 0.9008
2.1667 0.5492 1.1899
2.4000 0.6295 1.5108
2.6333 0.7085 1.8656
2.8667 0.7871 2.2563
3.1000 0.8662 2.6852
3.3333 0.9464 3.1545
3.5667 1.0281 3.6669
3.8000 1.1119 4.2253
4.0333 1.1983 4.8332
4.2667 1.2878 5.4946
4.5000 1.3809 6.2141
4.7333 1.4783 6.9973
4.9667 1.5807 7.8507
5.2000 1.6890 8.7826
5.4333 1.8042 9.8027
5.6667 1.9276 10.9232
5.9000 2.0610 12.1597
6.1333 2.2063 13.5321
6.3667 2.3665 15.0667
6.6000 2.5453 16.7993
6.8333 2.7483 18.7801
7.0667 2.9835 21.0835
7.3000 3.2638 23.8256
7.5333 3.6112 27.2045
7.7667 4.0685 31.5985
8.0000 4.7336 37.8690
