1.0000 0.0000 0.0000
1.1333 0.1915 0.2171
1.2667 0.3072 0.3891
1.4000 0.3885 0.5439
1.5333 0.4529 0.6945
1.6667 0.5085 0.8474
1.8000 0.5591 1.0063
1.9333 0.6068 1.1732
2.0667 0.6528 1.3492
2.2000 0.6978 1.5351
2.3333 0.7420 1.7314
2.4667 0.7858 1.9384
2.6000 0.8293 2.1562
2.7333 0.8726 2.3850
2.8667 0.9157 2.6250
3.0000 0.9587 2.8760
3.1333 1.0016 3.1384
3.2667 1.0445 3.4119
3.4000 1.0873 3.6968
3.5333 1.1301 3.9930
3.6667 1.1729 4.3005
3.8000 1.2156 4.6193
3.9333 1.2583 4.9494
4.0667 1.3010 5.2909
4.2000 1.3438 5.6438
4.3333 1.3865 6.0080
4.4667 1.4292 6.3836
4.6000 1.4718 6.7705
4.7333 1.5145 7.1688
4.8667 1.5572 7.5785
5.0000 1.5999 7.9995
