1.	0.
1.1447951462267367 0.1401400426555517
1.2659349648919491 0.22442858116728193
1.4360215420274047 0.30900928099101055
1.6548503647147044 0.407808497998694
1.9226259458722477 0.5068998763183776
2.457972595268935 0.7190089888296995
2.7257481764264777 0.8181003671493823
3.017792623900743 0.9312641819970198
3.285772717976686 1.016429204444747
3.57802167836935 1.1156666634204297
3.797259526893449 1.186613168684203
4.016497375417547 1.2575596739479762
4.211261844706524 1.3283600985557493
4.4062308269139 1.3852341672915678
4.601199809121276 1.4421082360273854
4.795964278410253 1.5129086606351585
5.015202126934351 1.5838551658989317
5.185697729906606 1.64058315397875
5.380462199195581 1.7113835785865241
5.575431181402959 1.7682576473223417
5.770195650691935 1.8390580719301157
5.892153521030745 1.8676411869540228
6.0137023655327555 1.9240770137218428
6.135455722953167 1.9665864846177072
6.306155838843821 2.009388116825571
6.452382575499352 2.0520436683774337
6.598609312154884 2.094699219929298
6.744631535892017 2.1512811273531165
7.01261162996796 2.236446149800844
7.304656077442225 2.349609964648482
7.59710955075329 2.4349210677522093
7.743336287408821 2.4775766193040725
7.889563024064353 2.5202321708559356
7.987047515168041 2.548669205223845
