1.0483332197150455 0.04207122892786597
1.1199127411548164 0.16784667374346274
1.1678369350330629 0.23777061441523895
1.2404390210648306 0.29391427987105967
1.3373099734133207 0.36413038185483426
1.43438543868021 0.42042012796665507
1.5804076624173427 0.47700203539047337
1.6778921535210307 0.505439069758383
1.7509032653895973 0.5337300234702926
1.8726566228100074 0.5762394943661562
2.0188833594655398 0.6188950459180189
2.116367850569228 0.6473320802859286
2.2136478287545165 0.6896954705257929
2.3111323198582046 0.7181325048937026
2.4084122980434928 0.7604958951335661
2.5058967891471817 0.7889329295014758
2.6033812802508693 0.8173699638693845
2.725339150589679 0.8459530788932934
2.798554775376645 0.8603176767332466
2.8958347535619335 0.9026810669731109
3.0665348694525876 0.9454826991809746
3.1880837139545983 1.0019185259487946
3.3587838298452524 1.0447201581566565
3.505010566500784 1.0873757097085202
3.626559411002795 1.1438115364763402
3.7240439021064833 1.172248570844249
3.8457972595268934 1.2147580417401134
3.943281750630582 1.2431950761080222
4.065035108050992 1.2857045470038857
4.162519599154679 1.3141415813717954
4.259799577339968 1.3565049716116597
4.4062308269139 1.3852341672915678
4.601199809121276 1.4421082360273854
4.747222032858408 1.4986901434512045
4.844706523962097 1.5271271778191142
