1.0000 0.0000 0.0000
1.1500 0.1576 0.1812
1.3000 0.2703 0.3515
1.4500 0.3590 0.5206
1.6000 0.4339 0.6942
1.7500 0.5003 0.8755
1.9000 0.5613 1.0666
2.0500 0.6189 1.2687
2.2000 0.6739 1.4827
2.3500 0.7273 1.7093
2.5000 0.7795 1.9488
2.6500 0.8308 2.2016
2.8000 0.8814 2.4680
2.9500 0.9315 2.7480
3.1000 0.9813 3.0419
3.2500 1.0307 3.3497
3.4000 1.0799 3.6715
3.5500 1.1288 4.0074
3.7000 1.1777 4.3574
3.8500 1.2264 4.7216
4.0000 1.2750 5.1000
4.1500 1.3235 5.4926
4.3000 1.3720 5.8995
4.4500 1.4204 6.3206
4.6000 1.4687 6.7561
4.7500 1.5170 7.2058
4.9000 1.5653 7.6699
5.0500 1.6135 8.1483
5.2000 1.6617 8.6410
5.3500 1.7099 9.1480
5.5000 1.7581 9.6694
