1.0000 0.0000 0.0000
1.1333 0.1419 0.1608
1.2667 0.2574 0.3260
1.4000 0.3559 0.4983
1.5333 0.4432 0.6796
1.6667 0.5227 0.8711
1.8000 0.5965 1.0738
1.9333 0.6663 1.2882
2.0667 0.7330 1.5149
2.2000 0.7974 1.7542
2.3333 0.8599 2.0063
2.4667 0.9209 2.2716
2.6000 0.9808 2.5502
2.7333 1.0398 2.8421
2.8667 1.0980 3.1476
3.0000 1.1556 3.4667
3.1333 1.2126 3.7995
3.2667 1.2692 4.1460
3.4000 1.3254 4.5064
3.5333 1.3813 4.8806
3.6667 1.4369 5.2687
3.8000 1.4923 5.6707
3.9333 1.5475 6.0867
4.0667 1.6025 6.5168
4.2000 1.6573 6.9608
4.3333 1.7120 7.4188
4.4667 1.7666 7.8909
4.6000 1.8211 8.3770
4.7333 1.8755 8.8773
4.8667 1.9298 9.3916
5.0000 1.9840 9.9200
