1.0000 0.0000 0.0000
1.1333 0.1661 0.1882
1.2667 0.2674 0.3387
1.4000 0.3399 0.4759
1.5333 0.3988 0.6115
1.6667 0.4510 0.7517
1.8000 0.5001 0.9001
1.9333 0.5478 1.0591
2.0667 0.5954 1.2304
2.2000 0.6435 1.4156
2.3333 0.6926 1.6160
2.4667 0.7431 1.8331
2.6000 0.7955 2.0683
2.7333 0.8500 2.3233
2.8667 0.9070 2.6000
3.0000 0.9669 2.9006
3.1333 1.0300 3.2274
3.2667 1.0970 3.5835
3.4000 1.1683 3.9723
3.5333 1.2447 4.3979
3.6667 1.3269 4.8652
3.8000 1.4159 5.3803
3.9333 1.5128 5.9505
4.0667 1.6193 6.5850
4.2000 1.7369 7.2952
4.3333 1.8682 8.0955
4.4667 2.0160 9.0049
4.6000 2.1843 10.0480
4.7333 2.3784 11.2577
4.8667 2.6054 12.6794
5.0000 2.8754 14.3769
