1.000294993952624 0.021013402558581973
1.046078055399864 0.07362065744318969
1.1370541903890967 0.15238404279378948
1.2949349538334463 0.23070493721545482
1.4076226437358033 0.2828697011711272
1.52031033363816 0.3350344651267987
1.6550045724062656 0.3738261698968506
1.8125903418979907 0.4389215021092072
1.94757957461872 0.4909387690885678
2.0819788194342013 0.516504911649311
2.2398595828785512 0.5948258060709763
2.352252278828284 0.6337650078173409
2.4866515236437645 0.6593311503780841
2.6219357503171183 0.7245739795667525
2.7117319094958554 0.750435116080121
2.801823062627216 0.7895218148027974
2.9365173013953214 0.8283135195728493
3.0715065341160503 0.880330786552209
3.228797309655152 0.9322005565552587
3.3866780730995014 1.0105214509769223
3.5439688486386025 1.0623912209799702
3.701259624177704 1.114260990983019
3.8585503997168056 1.166130760986067
3.9712380896191632 1.2182955249417402
4.129118853063512 1.2966164193634029
4.286409628602613 1.3484861893664526
4.421693855275967 1.4137290185551201
4.579279624767693 1.4788243507674768
4.714858845393669 1.557292742165453
4.872739608838018 1.6356136365871174
5.008318829463996 1.7140820279850937
5.1213015133189765 1.7794723541500739
5.1213015133189765 1.7794723541500739
5.211982654355586 1.8450101772913658
5.324965338210567 1.910400503456346
5.415646479247176 1.975938326597639
5.5060326263311605 2.028250587529623
5.596418773415145 2.080562848461607
5.664503377680758 2.133022606369903
5.755184518717367 2.198560429511195
5.823564116935604 2.2642457496287998
5.913950264019587 2.3165580105607844
5.960323313372076 2.395616389864008
6.051004454408685 2.4611542130053006
6.097377503761173 2.5402125923085244
6.18864863270303 2.632201539868433
6.302516298415882 2.7372685526613374
6.348889347768371 2.8163269319645616
6.394672409215611 2.86893418684917
6.4410454585681 2.9479925661523945
6.50972005073896 3.026903448479306
6.556093100091448 3.1059618277825303
6.647364229033305 3.197950775342439
6.694032272338418 3.2902347168549717
6.740405321690906 3.3692930961581955
6.78648337709077 3.435125913252112
6.8325614324906345 3.500958730346028
6.878934481843122 3.5800171096492526
6.9027109944246146 3.6459974237194803
6.949379037729727 3.7382813652320133
6.995752087082216 3.8173397445352375
7.042125136434703 3.8963981238384613
7.066196642968819 3.9756040001179977
7.135461223044928 4.080966006863526
7.159532729579044 4.160171883143063
7.184194224018409 4.265828883841214
7.208855718457771 4.371485884539367
7.254933773857636 4.437318701633283
7.279300274344377 4.529750140122127
7.303076786925868 4.595730454192355
7.326263311602113 4.635259643843968
7.350334818136228 4.714465520123504
7.352399775804597 4.8070444555886604
7.421074367975457 4.885955337915573
7.423139325643826 4.978534273380729
7.44721083217794 5.057740149660265
7.471872326617304 5.163397150358418
7.495943833151421 5.242603026637954
7.497713796867165 5.321956399893802
7.544381840172277 5.414240341406334
7.591639871382636 5.532975407337483
7.595179798814124 5.691682153849179
7.619251305348241 5.770888030128716
7.621316263016609 5.863466965593871
7.6450927755980995 5.9294472796641
7.6474527272190915 6.035251777338564
