1.000589987905248 0.03423896476788979
1.04725803121036 0.12652290628042184
1.1382341661995927 0.20528629163102163
1.2286203132835773 0.2575985525630067
1.3190064603675624 0.30991081349498995
1.4313991563172952 0.3488500152413545
1.522080297353904 0.4143878383826465
1.6790760789403816 0.4530320461763875
1.7691672320717424 0.4921187448990638
1.858963391250479 0.5179798814124315
1.9939526239712086 0.569997148391792
2.1063453199209414 0.6089363501381566
2.2187380158706747 0.6478755518845203
2.3311307118204074 0.6868147536308848
2.44352340777014 0.7257539553772485
2.600814183309242 0.7776237253802973
2.7135018732115994 0.8297884893359688
2.848491105932328 0.8818057563153294
2.938877253016313 0.9341180172473145
3.0738664857370424 0.9861352842266733
3.2088557184577717 1.0381525512060348
3.2995368594943804 1.1036903743473268
3.4345260922151093 1.1557076413266856
3.5249122392990944 1.2080199022586715
3.5929968435647064 1.2604796601669666
3.6607864538776953 1.2997138558659547
3.7511726009616804 1.3520261167979397
3.841558748045665 1.404338377729923
3.9319448951296496 1.456650638661908
4.0000294993952625 1.5091103965702048
4.068114103660875 1.5615701544785008
4.1361987079264875 1.6140299123867967
4.226879848963097 1.6795677355280887
4.295259447181333 1.7452530556456933
4.3636390453995695 1.810938375763297
4.432018643617806 1.8766236958809017
4.500693235788666 1.9555345782078133
4.546476297235906 2.008141833092422
4.61456090150152 2.060601591000718
4.638042420130387 2.113356342861638
4.684415469482876 2.1924147221648624
4.730198530930116 2.2450219770494706
4.776571580282604 2.3240803563526953
4.822354641729845 2.376687611237303
4.845836160358713 2.4294423630982234
4.869022685034957 2.468971552749836
