1.000294993952624 0.021013402558581973
1.046078055399864 0.07362065744318969
1.1370541903890967 0.15238404279378948
1.2949349538334463 0.23070493721545482
1.4076226437358033 0.2828697011711272
1.52031033363816 0.3350344651267987
1.6550045724062656 0.3738261698968506
1.8125903418979907 0.4389215021092072
1.94757957461872 0.4909387690885678
2.0819788194342013 0.516504911649311
2.2398595828785512 0.5948258060709763
2.352252278828284 0.6337650078173409
2.4866515236437645 0.6593311503780841
2.6219357503171183 0.7245739795667525
2.7117319094958554 0.750435116080121
2.801823062627216 0.7895218148027974
2.9365173013953214 0.8283135195728493
3.0715065341160503 0.880330786552209
3.228797309655152 0.9322005565552587
3.3866780730995014 1.0105214509769223
3.5439688486386025 1.0623912209799702
3.701259624177704 1.114260990983019
3.8585503997168056 1.166130760986067
3.9712380896191632 1.2182955249417402
4.129118853063512 1.2966164193634029
4.286409628602613 1.3484861893664526
4.421693855275967 1.4137290185551201
4.579279624767693 1.4788243507674768
4.714858845393669 1.557292742165453
4.872739608838018 1.6356136365871174
5.008318829463996 1.7140820279850937
5.1213015133189765 1.7794723541500739
5.1213015133189765 1.7794723541500739
