1.0000 0.0000 0.0000
1.1500 0.1365 0.1570
1.3000 0.2347 0.3050
1.4500 0.3125 0.4531
1.6000 0.3788 0.6062
1.7500 0.4386 0.7675
1.9000 0.4943 0.9392
2.0500 0.5477 1.1229
2.2000 0.5998 1.3197
2.3500 0.6514 1.5307
2.5000 0.7028 1.7570
2.6500 0.7545 1.9994
2.8000 0.8067 2.2589
2.9500 0.8598 2.5364
3.1000 0.9139 2.8331
3.2500 0.9693 3.1501
3.4000 1.0260 3.4885
3.5500 1.0845 3.8498
3.7000 1.1447 4.2355
3.8500 1.2071 4.6473
4.0000 1.2718 5.0871
4.1500 1.3390 5.5570
4.3000 1.4092 6.0594
4.4500 1.4825 6.5972
4.6000 1.5595 7.1735
4.7500 1.6404 7.7918
4.9000 1.7258 8.4565
5.0500 1.8163 9.1722
5.2000 1.9124 9.9447
5.3500 2.0150 10.7805
5.5000 2.1250 11.6874
