1.0462948207171316 0.010801239486498915
1.3004515272244357 0.18556883576803962
1.6472598494909252 0.3740593182824261
1.9250287737937142 0.45533421868083135
2.2024878264718906 0.603452855245683
2.43402390438247 0.6578131916777323
2.7811420982735724 0.7794599380256741
3.1053297919433382 0.8475431606905719
3.660867640548916 1.0100929614873833
4.146746347941567 1.1991146525011072
4.886843736166445 1.5495351925630807
5.487746790615316 1.9261620185922972
5.926401062416999 2.302169101372288
6.272403718459495 2.664453297919433
6.548995130588756 2.999734395750331
6.732687029659141 3.3747675962815396
7.009030544488712 3.763523683045595
7.262443559096946 4.098716246126604
7.330367419212042 4.446569278441787
7.467702523240372 4.821425409473218
7.651394422310758 5.196458610004426
7.719256308100929 5.557680389552899
