1.0000 0.0000 0.0000
1.2333 0.1598 0.1970
1.4667 0.2788 0.4089
1.7000 0.3787 0.6438
1.9333 0.4689 0.9066
2.1667 0.5542 1.2008
2.4000 0.6374 1.5297
2.6333 0.7201 1.8962
2.8667 0.8036 2.3035
3.1000 0.8888 2.7552
3.3333 0.9766 3.2552
3.5667 1.0677 3.8082
3.8000 1.1630 4.4196
4.0333 1.2634 5.0959
4.2667 1.3699 5.8449
4.5000 1.4836 6.6761
4.7333 1.6059 7.6012
4.9667 1.7385 8.6344
5.2000 1.8834 9.7939
5.4333 2.0434 11.1025
5.6667 2.2217 12.5898
5.9000 2.4228 14.2945
6.1333 2.6525 16.2686
6.3667 2.9188 18.5830
6.6000 3.2329 21.3374
6.8333 3.6112 24.6767
7.0667 4.0782 28.8192
7.3000 4.6727 34.1105
7.5333 5.4599 41.1315
7.7667 6.5588 50.9400
8.0000 8.2108 65.6865
