$ 900 Point Integration Scheme

$ Collums: Node id x y z weight
1 0.00000000000000E+00 0.00000000000000E+00 1.00000000000000E+00 1.04739940264380E-02
2 9.96972891319000E-01 0.00000000000000E+00 -7.77499451740000E-02 1.78538470440252E-02
3 -9.82581060536000E-01 -1.78228496639000E-01 5.26218819720000E-02 1.43651999597186E-02
4 7.83068336711000E-01 6.21935399592000E-01 -5.82043422000000E-04 1.69079005937576E-02
5 4.95365041556000E-01 8.04616360278000E-01 3.27423255707000E-01 1.55904051592632E-02
6 -2.68566696162000E-01 -7.34252990559000E-01 6.23493765460000E-01 1.57065125730888E-02
7 -5.18797826849000E-01 8.54890674061000E-01 3.27875898300000E-03 1.45123186712136E-02
8 -9.60017419086000E-01 -1.08846768613000E-01 2.57912651907000E-01 1.37152551377335E-02
9 -6.76207321898000E-01 -3.84601345320000E-01 -6.28351384967000E-01 1.71455054673552E-02
10 -2.24573966429000E-01 9.68876550694000E-01 -1.04138192409000E-01 1.69520615919286E-02
11 -8.50989429348000E-01 -1.28055589111000E-01 -5.09331677039000E-01 1.32975361753646E-02
12 -1.17034299758000E-01 -3.82618734103000E-01 -9.16463789243000E-01 1.37321835357370E-02
13 -2.42832540611000E-01 -3.71800943221000E-01 -8.95989071273000E-01 1.40323333102992E-02
14 1.18185369053000E-01 5.36531573563000E-01 8.35563336386000E-01 1.18809084097433E-02
15 3.87868988733000E-01 -1.78294868797000E-01 9.04305582942000E-01 1.45032001056799E-02
16 7.62262920998000E-01 -6.07812974675000E-01 -2.22527811946000E-01 8.71650511030435E-03
17 -2.05458031773000E-01 -8.86163211920000E-01 4.15333310752000E-01 2.04701561429657E-02
18 -4.00891098554000E-01 1.29678481055000E-01 9.06901217692000E-01 2.52397916275644E-02
19 -1.61632828627000E-01 9.63162162784000E-01 -2.14926677945000E-01 1.28426303727738E-02
20 -2.96311835751000E-01 -4.53648551960000E-02 -9.54013273444000E-01 1.50387236980294E-02
21 -9.83477624389000E-01 1.05232740135000E-01 -1.47301842246000E-01 1.61605522390530E-02
22 9.39292243275000E-01 3.40048361396000E-01 4.57951267550000E-02 1.09641562419550E-02
23 4.08621574170000E-01 -9.11467140107000E-01 -4.74980170890000E-02 1.17951173088939E-02
24 -8.46440610041000E-01 7.46054415840000E-02 5.27230805018000E-01 1.49656727019870E-02
25 9.22328935836000E-01 3.51691018398000E-01 1.60071114503000E-01 1.97146487701280E-02
26 -5.62816608531000E-01 -1.84414466096000E-01 8.05747336239000E-01 2.18341483980652E-02
27 6.88770932121000E-01 -3.31452962570000E-02 -7.24220955511000E-01 1.32733434931552E-02
28 -6.93721949430000E-02 -9.58534292457000E-01 -2.76404610587000E-01 1.05698007858874E-02
29 -6.65367647350000E-02 -7.36186242601000E-01 6.73500315622000E-01 1.50609795610399E-02
30 1.70865010346000E-01 1.29086130112000E-01 9.76801883317000E-01 1.46007192855017E-02
31 -1.71065460940000E-01 -2.67826821378000E-01 9.48158953881000E-01 2.71456082469841E-02
32 7.82472530470000E-02 9.00604217443000E-01 4.27538782935000E-01 1.51302009693840E-02
33 -3.73974701880000E-02 9.99300353112000E-01 4.83212208000000E-04 1.67347573436768E-02
34 7.22143991034000E-01 -5.19175144604000E-01 -4.57127143625000E-01 1.46688203288443E-02
35 -3.41170368472000E-01 9.32454689983000E-01 1.18874012317000E-01 1.05761607606182E-02
36 9.13627041301000E-01 1.76498936890000E-01 -3.66242753758000E-01 1.42420743715979E-02
37 9.81587060638000E-01 9.77512783820000E-02 -1.64108287304000E-01 1.48525202232420E-02
38 -1.75564913877000E-01 -3.85061463639000E-01 9.06037874614000E-01 1.55709877899890E-03
39 3.59573592270000E-02 6.20723016752000E-01 7.83204957078000E-01 2.17356807945822E-02
40 8.93221107164000E-01 -3.78010326417000E-01 2.43442491853000E-01 9.19522484776165E-03
41 -8.54118167296000E-01 5.19991968523000E-01 -9.51362007300000E-03 1.23212209553464E-02
42 -9.03411487018000E-01 2.11422207602000E-01 3.73025917673000E-01 1.43923885618574E-02
43 7.52764931978000E-01 -3.04805260431000E-01 5.83471259274000E-01 9.90305238991048E-03
44 8.26162624100000E-01 -8.86841972500000E-02 -5.56408511526000E-01 1.22904031692632E-02
45 -9.07365714256000E-01 -4.58430903620000E-02 -4.17834742043000E-01 1.10167976757318E-02
46 8.38674106059000E-01 3.83585781448000E-01 -3.86636382273000E-01 1.45765375052729E-02
47 -8.89189043970000E-01 8.15899688750000E-02 -4.50206531564000E-01 1.31530962097501E-02
48 -9.54535134767000E-01 1.41999887239000E-01 -2.62104384777000E-01 1.41906587139638E-02
49 -8.12431876189000E-01 -4.43776991390000E-01 3.78175129358000E-01 1.45566730022185E-02
50 -6.14668305740000E-01 4.56734263512000E-01 6.43099281956000E-01 7.58458166076894E-03
51 3.06948964000000E-03 -9.86966630690000E-01 1.60895767932000E-01 9.47219111388667E-03
52 -7.89952684686000E-01 -4.63954114860000E-02 -6.11410027519000E-01 1.27284497502683E-02
53 -5.21727387399000E-01 7.63220583448000E-01 -3.81175647490000E-01 1.88795702132187E-02
54 9.01106211710000E-02 9.95931340665000E-01 9.16860649000000E-04 1.66898283160966E-02
55 5.47947478344000E-01 7.33115134480000E-01 4.02859479934000E-01 1.66377070835313E-02
56 -8.42270171800000E-03 5.25448072931000E-01 8.50783980073000E-01 8.64100772138693E-03
57 -3.62614348616000E-01 -1.53787438641000E-01 -9.19162802714000E-01 1.08841291307787E-02
58 -7.09660567510000E-01 6.88359325827000E-01 1.50144322130000E-01 1.64377129325481E-02
59 -5.69469411805000E-01 -1.26207289567000E-01 -8.12266156551000E-01 1.69171368555557E-02
60 4.63325320655000E-01 8.85999474358000E-01 1.82914919320000E-02 1.62301106714405E-02
61 9.88049242055000E-01 1.25824672126000E-01 8.90328431500000E-02 1.61595016462791E-02
62 -9.12546938245000E-01 4.08914451552000E-01 -6.85979681800000E-03 1.54508928099058E-02
63 2.81792257495000E-01 -2.41124933200000E-01 9.28682879247000E-01 1.40372484743696E-02
64 4.14783752898000E-01 -7.30154896339000E-01 5.42980907292000E-01 8.81228776778448E-03
65 -3.96034144690000E-01 -4.69085834794000E-01 7.89376612166000E-01 1.83888912628134E-02
66 7.53119395631000E-01 -6.57506022929000E-01 2.22936254720000E-02 9.70613069464809E-03
67 -8.54330924993000E-01 -3.99497714473000E-01 -3.32445855337000E-01 1.16749134976149E-02
68 7.02330428270000E-01 -6.57902370036000E-01 2.71838998356000E-01 2.09620425921448E-02
69 -3.29401105392000E-01 7.77060217581000E-01 5.36350939236000E-01 5.08818991981437E-03
70 9.25584459762000E-01 -2.54506173130000E-01 -2.80214231770000E-01 1.13416466001869E-02
71 8.61866730317000E-01 -1.73126139133000E-01 -4.76668731008000E-01 1.38047319304686E-02
72 -7.43882260610000E-01 6.50343317486000E-01 -1.53924500163000E-01 1.06279150689676E-02
73 -9.86019999867000E-01 1.58049444489000E-01 5.27724640290000E-02 1.48477263993528E-02
74 3.43422352076000E-01 4.56188930735000E-01 -8.20946251328000E-01 1.50186358731031E-02
75 -3.40898203420000E-02 2.16432245369000E-01 9.75702294408000E-01 1.26407663791459E-02
76 6.62106849154000E-01 3.92294899955000E-01 6.38528959227000E-01 1.33975968714992E-02
77 -6.17143323083000E-01 -7.04457794918000E-01 3.50532928486000E-01 7.79960188726086E-03
78 -8.77317131436000E-01 -3.37724751232000E-01 3.40964284485000E-01 1.86903568050351E-02
79 -1.37713797829000E-01 -1.38120949020000E-02 9.90375754914000E-01 -9.10463023759978E-04
80 -4.16107550629000E-01 -4.35727602409000E-01 -7.98120268386000E-01 1.02634322678495E-02
81 3.73555412181000E-01 3.41210619117000E-01 -8.62572702694000E-01 1.56799629727840E-02
82 -8.11675510087000E-01 -2.50484422061000E-01 5.27674540441000E-01 1.86699227108308E-02
83 5.83915213496000E-01 -7.14393467036000E-01 -3.85596936844000E-01 1.61813999449684E-02
84 -9.10554514778000E-01 1.74808261373000E-01 -3.74609860219000E-01 1.21338252668362E-02
85 -8.01054223687000E-01 5.91790331457000E-01 8.99796327390000E-02 1.61204022804796E-02
86 -8.25552356933000E-01 4.22523218691000E-01 3.74082124178000E-01 1.48862022897024E-02
87 -4.39278424530000E-02 2.56600779302000E-01 -9.65518712775000E-01 1.77540689787818E-02
88 5.98473834488000E-01 -7.55477780549000E-01 -2.66612813889000E-01 9.41810723833276E-03
89 4.63207873171000E-01 2.76286761690000E-02 8.85818899373000E-01 1.18742946469729E-02
90 -6.47062404608000E-01 4.13571273840000E-01 -6.40522478917000E-01 1.36102682458684E-02
91 -7.17952628619000E-01 3.14075721633000E-01 -6.21208873198000E-01 1.35904901745587E-02
92 -2.05102905755000E-01 3.85158092710000E-01 -8.99769993760000E-01 1.83938636624654E-02
93 -1.83918566825000E-01 -5.97258508257000E-01 7.80676780167000E-01 1.88912658169032E-02
94 -5.02469354920000E-02 6.39130698348000E-01 -7.67455012299000E-01 1.09120214313113E-02
95 -4.12350520967000E-01 5.95729761732000E-01 6.89255467041000E-01 1.08279884705066E-02
96 2.81340239598000E-01 8.36800646804000E-01 4.69693886581000E-01 1.14849309575112E-02
97 -1.08363708543000E-01 3.07546157630000E-01 9.45342619159000E-01 2.22444229894742E-02
98 5.08818204177000E-01 -8.55386046876000E-01 -9.70502236390000E-02 1.22047725379152E-02
99 3.39415368226000E-01 8.42035563054000E-01 -4.19253286647000E-01 9.33398973829727E-03
100 6.09015001240000E-01 -2.79073287137000E-01 -7.42441128085000E-01 1.35840498306168E-02
101 8.18669629233000E-01 -9.47222710260000E-02 5.66398913791000E-01 1.07853480418492E-02
102 -6.31672037900000E-01 6.83469016167000E-01 -3.65869567571000E-01 1.01583825346368E-02
103 2.34788475691000E-01 -7.68148800892000E-01 5.95669196258000E-01 1.04267795270999E-02
104 -9.97275258459000E-01 6.77987371550000E-02 -2.90755929630000E-02 1.11243359914793E-02
105 -8.29948233288000E-01 -5.56314104916000E-01 -4.12376858330000E-02 1.30749439434855E-02
106 -6.56258690231000E-01 5.96852018951000E-01 -4.61619105941000E-01 1.88603794218748E-02
107 -1.89858522998000E-01 -9.47549770628000E-01 -2.57105374171000E-01 1.06875496116521E-02
108 1.53697006244000E-01 9.82078862831000E-01 -1.09079500606000E-01 1.30521992444221E-02
109 3.54745613399000E-01 7.67675713887000E-01 5.33694245877000E-01 1.77919580376156E-02
110 -1.36200871745000E-01 1.64041989295000E-01 -9.77005398288000E-01 1.37389950101356E-02
111 2.98501595237000E-01 2.55289167523000E-01 -9.19632665028000E-01 1.53001220332597E-02
112 4.94556093772000E-01 -2.12486497328000E-01 8.42771474699000E-01 9.58085190787836E-03
113 -5.95198664492000E-01 8.00713447280000E-01 -6.77976779250000E-02 1.35133264677580E-02
114 5.78204063980000E-02 -2.56824253775000E-01 9.64726957889000E-01 2.54979136338170E-02
115 2.85863667114000E-01 1.47839841018000E-01 9.46797415096000E-01 1.41884652051319E-02
116 -4.88373282363000E-01 6.33891485383000E-01 5.99727539665000E-01 9.37890558872874E-03
117 -9.04409499440000E-01 9.36218724110000E-02 4.16267224663000E-01 1.47567556021703E-02
118 -8.42792321703000E-01 -2.50039671450000E-01 -4.76635358717000E-01 1.17540457268570E-02
119 3.36575112118000E-01 7.20115040603000E-01 -6.06754911146000E-01 9.09479440212687E-03
120 6.52174274313000E-01 1.64949608191000E-01 -7.39905630930000E-01 1.38642466687013E-02
121 -7.73634673921000E-01 3.16502970070000E-02 6.32840935786000E-01 9.81712669112630E-03
122 2.76765260490000E-02 9.93618792426000E-01 -1.09342147606000E-01 1.12243999486740E-02
123 -1.31807177607000E-01 5.05601709955000E-01 8.52639301711000E-01 2.31076116254230E-02
124 -6.62892576584000E-01 -9.80588180950000E-02 -7.42265383878000E-01 8.39790120002204E-03
125 -6.37629867632000E-01 -4.95459192457000E-01 -5.89871461010000E-01 1.35514707683547E-02
126 -8.42684049655000E-01 -5.08643052766000E-01 1.76538486821000E-01 1.39802267644904E-02
127 9.22308651983000E-01 -3.34756475017000E-01 -1.93092860851000E-01 1.67852955596306E-02
128 2.06876378707000E-01 -2.63513985155000E-01 -9.42211517421000E-01 1.09071703370040E-02
129 -5.42441106377000E-01 -8.28281095131000E-01 1.40385446402000E-01 1.64761461710532E-02
130 -6.44694739065000E-01 1.13591543115000E-01 7.55953473935000E-01 4.14187813635133E-03
131 -6.86396578815000E-01 4.86362629857000E-01 5.40658051701000E-01 1.78039742199054E-02
132 -9.18091159826000E-01 -1.26845230120000E-01 3.75524845842000E-01 1.73215371669061E-02
133 -3.58874527640000E-02 -9.97687693124000E-01 -5.77179151010000E-02 1.02261630266939E-02
134 3.75598722903000E-01 -6.18059305090000E-02 9.24719214847000E-01 9.95915771644804E-03
135 1.22043262480000E-02 -3.81826056943000E-01 -9.24153621786000E-01 1.31342240263732E-02
136 8.70154020408000E-01 2.12347524795000E-01 4.44680232842000E-01 1.53939741433271E-02
137 5.57583529344000E-01 8.10481180221000E-01 -1.79501711165000E-01 1.35512771266246E-02
138 -8.27325980918000E-01 -5.36023937381000E-01 -1.67958506343000E-01 1.21296899069461E-02
139 8.80008792349000E-01 -1.23313705859000E-01 4.58670094224000E-01 1.60378042455042E-02
140 2.39032198645000E-01 7.78060786399000E-01 5.80934609641000E-01 1.02471316849598E-02
141 -1.82374068654000E-01 -4.94332465663000E-01 8.49926533575000E-01 1.82369553716508E-02
142 2.54825826200000E-01 -9.60754025308000E-01 1.09615241443000E-01 1.49374828108569E-02
143 -7.32094368476000E-01 -4.34371652132000E-01 -5.24746704106000E-01 1.12272853885936E-02
144 -4.09193091492000E-01 3.03127182037000E-01 -8.60624729708000E-01 1.58334489664512E-02
145 9.73839385347000E-01 2.27219646942000E-01 2.84316570800000E-03 1.80870000506465E-02
146 8.52599094232000E-01 2.98996757320000E-02 -5.21709491868000E-01 1.41283048055560E-02
147 -8.65421257613000E-01 3.81631687469000E-01 -3.24658746981000E-01 1.18587149004652E-02
148 -8.51140660166000E-01 4.69579120850000E-01 -2.34638074221000E-01 1.31244106524678E-02
149 -4.35246932670000E-01 -7.78902881481000E-01 4.51520108988000E-01 6.06510913806020E-03
150 -8.62500423020000E-01 -1.40589572124000E-01 4.86135364379000E-01 1.13044023946591E-02
151 6.88537579850000E-02 4.37786924524000E-01 8.96438379771000E-01 1.97979437539374E-02
152 -3.16102984838000E-01 -9.42088090880000E-01 1.12022015689000E-01 9.90495237073212E-03
153 7.22980308430000E-02 6.22640817268000E-01 -7.79160707048000E-01 1.82113189228565E-02
154 -1.21703393687000E-01 -9.75135118666000E-01 1.85202009463000E-01 1.04595336196385E-02
155 -8.24256633201000E-01 5.32937006173000E-01 1.91256764782000E-01 1.18886348721088E-02
156 -4.48843624631000E-01 7.51495341498000E-01 -4.83522649247000E-01 9.66360822807117E-03
157 9.60430729697000E-01 -1.72725273718000E-01 2.18492089727000E-01 1.09417785760515E-02
158 -4.75094535603000E-01 5.95325701834000E-01 -6.47975687026000E-01 1.33646265663665E-02
159 -6.21798769273000E-01 7.60478804021000E-01 1.87185146755000E-01 1.46454357932285E-02
160 1.56115395048000E-01 9.33387611593000E-01 -3.23133950481000E-01 1.03493731339234E-02
161 -2.16232023311000E-01 8.32048352443000E-01 -5.10822132734000E-01 1.29215822617083E-02
162 8.76326977420000E-02 2.16456219158000E-01 -9.72351384775000E-01 1.40080268316960E-02
163 3.06449505735000E-01 -2.25237065490000E-02 -9.51620398625000E-01 1.58316957096287E-02
164 -4.04019035886000E-01 9.14725649220000E-01 6.75316965300000E-03 1.72288632463884E-02
165 3.41699821161000E-01 9.39772074374000E-01 8.34748139300000E-03 1.34385746580755E-02
166 3.30632729650000E-01 -8.01203007164000E-01 4.98754187346000E-01 1.52739111369555E-02
167 4.93651916993000E-01 -8.69097850673000E-01 3.12523727990000E-02 1.88125486022369E-02
168 6.87030623885000E-01 -7.02465205657000E-01 -1.85826684534000E-01 1.43092804059729E-02
169 4.55397383139000E-01 7.93128154871000E-01 -4.04426697167000E-01 1.75438142494626E-02
170 4.46315909963000E-01 1.09013117445000E-01 -8.88210700644000E-01 1.47976841225074E-02
171 -7.93173898780000E-01 1.66191220671000E-01 5.85880230479000E-01 1.35739568575762E-02
172 -4.99513807056000E-01 7.83231087400000E-02 8.62758046730000E-01 -1.52233167732647E-04
173 -4.13060433117000E-01 -7.49953387895000E-01 -5.16673005468000E-01 1.15955744771499E-02
174 6.60247585205000E-01 -6.20840796785000E-01 -4.22646224729000E-01 9.08625658795686E-03
175 1.97340052877000E-01 4.45918888612000E-01 8.73048250849000E-01 1.10661009035318E-02
176 -5.29578656922000E-01 -6.60635419780000E-02 8.45684370527000E-01 1.28931235454333E-02
177 -2.24783229029000E-01 9.13640016023000E-01 3.38724698050000E-01 2.10388192171754E-02
178 -7.35626467712000E-01 -1.42184730745000E-01 -6.62296914039000E-01 1.55922932306040E-02
179 -7.35387762665000E-01 -5.35056628400000E-01 4.15835596032000E-01 8.35377147460105E-03
180 -5.68918019660000E-02 4.19567637801000E-01 9.05939468275000E-01 1.24717021512732E-02
181 -7.33128196926000E-01 6.78922123877000E-01 3.98471652890000E-02 1.00879211689766E-02
182 -6.33420401185000E-01 -6.43893971560000E-01 -4.29160982327000E-01 1.34482591235691E-02
183 -4.01203479189000E-01 -8.49093150808000E-01 3.43622743045000E-01 1.89201562661577E-02
184 6.21154458626000E-01 5.72012346190000E-02 -7.81597823236000E-01 1.51455375992619E-02
185 9.94711334885000E-01 -1.02397948277000E-01 8.00127737200000E-03 1.10099097067843E-02
186 3.76259016599000E-01 -1.24316920872000E-01 -9.18136403599000E-01 1.30606750256846E-02
187 5.85596435284000E-01 -1.25079879828000E-01 8.00894399184000E-01 1.46097105323139E-02
188 -4.85208746882000E-01 6.71757626670000E-01 -5.59744730176000E-01 1.66652175429569E-02
189 -4.00390480655000E-01 8.87389155812000E-01 2.28534350040000E-01 1.92080128746857E-02
190 9.58189833320000E-02 2.33003545017000E-01 9.67743804135000E-01 1.93986906989259E-02
191 -2.93987369754000E-01 -7.84938606416000E-01 -5.45383177759000E-01 1.14750905370722E-02
192 6.41860843414000E-01 -7.43168756692000E-01 1.88983747368000E-01 8.72952840050096E-03
193 -3.30669437397000E-01 3.66065925670000E-02 9.43036415284000E-01 -3.12153305795866E-03
194 -9.47812588050000E-01 -8.05251016970000E-02 -3.08491500579000E-01 1.44846231317475E-02
195 6.06300617096000E-01 5.15264043817000E-01 -6.05724794653000E-01 1.61438769622299E-02
196 -3.01485622053000E-01 -6.39911772567000E-01 -7.06837564809000E-01 1.26073662695702E-02
197 -2.75069345574000E-01 -1.91319838245000E-01 9.42196144452000E-01 3.50470418028569E-03
198 3.68517107880000E-01 5.32742930669000E-01 7.61826824824000E-01 1.12279318210452E-02
199 -1.74350142174000E-01 6.65212194363000E-01 -7.26012923022000E-01 1.17717152623574E-02
200 9.64976288084000E-01 1.48077520025000E-01 2.16549789885000E-01 1.68655297335895E-02
201 -1.04075707155000E-01 9.36424840892000E-01 3.35077251600000E-01 1.59783226287484E-02
202 4.85546947120000E-01 5.18972742090000E-01 7.03499435046000E-01 1.42008564912646E-02
203 -7.66574070824000E-01 -3.20803985871000E-01 -5.56281400542000E-01 1.44878228206484E-02
204 -2.23614782247000E-01 9.21660486350000E-01 -3.17077872236000E-01 1.49276748630299E-02
205 -4.50147311662000E-01 8.70897910860000E-02 -8.88697229709000E-01 1.61088588928735E-02
206 1.70076169121000E-01 -3.15885406758000E-01 9.33429433056000E-01 8.96916814521971E-03
207 -7.91175002860000E-02 -9.15759738403000E-01 3.93858505899000E-01 9.51948160595341E-03
208 -5.89558746618000E-01 -6.04098285140000E-01 -5.36176972816000E-01 1.09244224188944E-02
209 -6.92055074067000E-01 6.72693192918000E-01 -2.61808408306000E-01 1.99016257854719E-02
210 -7.29077827169000E-01 -9.88679154570000E-02 6.77252284768000E-01 1.81837169119983E-02
211 -6.07383389394000E-01 -3.29813394885000E-01 -7.22709168921000E-01 1.34898231511448E-02
212 4.86118587610000E-02 -4.85115882528000E-01 8.73097627821000E-01 1.27072455892678E-02
213 -3.59580564185000E-01 2.59904007634000E-01 8.96187326778000E-01 3.03849993702770E-03
214 -8.76341721025000E-01 -2.42346159045000E-01 4.16285391513000E-01 1.33356087051018E-02
215 7.67844529979000E-01 4.48085403190000E-01 4.57858328776000E-01 1.29351638390838E-02
216 4.99649778329000E-01 -7.96245580933000E-01 -3.41091005248000E-01 1.72003540430233E-02
217 -8.85831813575000E-01 -2.86557891706000E-01 -3.64947356147000E-01 1.33943507986750E-02
218 1.15291676533000E-01 7.80411825873000E-01 6.14544718763000E-01 1.19527707031338E-02
219 1.60257666348000E-01 8.36118370949000E-01 -5.24617527479000E-01 8.99453158264795E-03
220 6.60969748707000E-01 -3.29937188980000E-02 7.49686871839000E-01 1.79541660743989E-02
221 9.28672889172000E-01 3.12332190510000E-01 -2.00038165581000E-01 1.49986061955981E-02
222 -5.47704232286000E-01 4.12497518835000E-01 -7.27918862848000E-01 1.34732283490562E-02
223 5.77418163658000E-01 -4.69416470036000E-01 6.68009312762000E-01 1.96899861254018E-02
224 8.30354141390000E-01 -5.40838602959000E-01 -1.34184967213000E-01 1.42100433946321E-02
225 3.96094341677000E-01 -8.22224763212000E-01 -4.08724493091000E-01 1.47690339528562E-02
226 4.29856477420000E-02 -9.30873923760000E-01 3.62802938456000E-01 1.06544892186101E-02
227 9.21380372599000E-01 -1.45899900516000E-01 -3.60238015787000E-01 1.16953719404076E-02
228 4.46394847427000E-01 4.34357693728000E-01 7.82345853245000E-01 1.70712084658335E-02
229 8.61824515650000E-02 -9.93096647459000E-01 -7.95715643210000E-02 1.83996168326717E-02
230 5.23039467220000E-01 -6.72359428819000E-01 5.23796252572000E-01 9.69240122727908E-03
231 9.03057901300000E-01 8.89572052030000E-02 4.20205952531000E-01 1.63993186395414E-02
232 1.56597721998000E-01 8.42621424531000E-01 5.15234207315000E-01 2.12075342505202E-02
233 -7.19403124265000E-01 -6.86571794229000E-01 1.05253580305000E-01 1.63404500399670E-02
234 -7.46491005479000E-01 5.07384310592000E-01 4.30479198225000E-01 1.42772373806268E-02
235 -9.93593457936000E-01 -2.38448895750000E-02 -1.10469278933000E-01 1.49414055427226E-02
236 -1.01077920215000E-01 9.88313390915000E-01 1.14104756178000E-01 1.51893573254426E-02
237 -8.86751495290000E-02 6.06928019329000E-01 7.89794338552000E-01 9.77672185907521E-03
238 4.36038735213000E-01 6.88720986589000E-01 5.79252642657000E-01 1.38585676285025E-02
239 -3.78884634216000E-01 -6.74150245858000E-01 6.34009368988000E-01 3.73427839472108E-03
240 -6.26498637029000E-01 -7.67947205705000E-01 -1.33253694321000E-01 1.52943312769292E-02
241 4.06186134016000E-01 -8.67091100491000E-01 -2.88384895553000E-01 1.12449144517305E-02
242 -6.88463910568000E-01 -7.23932272465000E-01 -4.40398538730000E-02 1.32302584672792E-02
243 2.80627074434000E-01 8.05783603711000E-01 -5.21499021174000E-01 1.86904031720965E-02
244 1.53737366665000E-01 6.93561432561000E-01 -7.03802075412000E-01 9.50121841174489E-03
245 1.99365964393000E-01 8.90610414744000E-01 4.08737447992000E-01 8.25591852116960E-03
246 -1.82049246480000E-02 5.44976834261000E-01 -8.38253440695000E-01 1.31390746010260E-02
247 -6.81550334668000E-01 -6.90775700315000E-01 2.41491352159000E-01 1.83916762703523E-02
248 -5.37587823785000E-01 -5.55222292459000E-01 -6.34608176495000E-01 1.72901381442618E-02
249 9.09898303240000E-02 9.71515137830000E-01 -2.18813134307000E-01 1.70250268504606E-02
250 3.79989622671000E-01 -9.22135766524000E-01 7.26189697010000E-02 1.32927192697364E-02
251 5.66597174596000E-01 -2.11384125400000E-03 8.23992216842000E-01 9.52805698571788E-03
252 1.84414097430000E-02 9.44764573460000E-01 3.27230522936000E-01 6.85281143153299E-03
253 3.45814825271000E-01 2.49588326276000E-01 9.04498631292000E-01 1.68840242551584E-02
254 8.74283374514000E-01 4.04576594439000E-01 -2.68228186961000E-01 1.42162685873703E-02
255 3.99802428761000E-01 3.44402780137000E-01 8.49437898255000E-01 9.76756600465706E-03
256 9.63220672283000E-01 -5.72195116450000E-02 2.62548783988000E-01 1.54268880172752E-02
257 -9.94897296922000E-01 3.57728667940000E-02 9.43380653760000E-02 1.50613488766806E-02
258 -1.56714993068000E-01 -9.87001810769000E-01 -3.56066916000000E-02 1.02639881184232E-02
259 -9.27069069789000E-01 -2.25672399208000E-01 2.99357492099000E-01 1.03516403946573E-02
260 -2.38903394940000E-01 -7.28159342239000E-01 -6.42424423724000E-01 1.23542298939782E-02
261 -2.37933816645000E-01 -5.65566766505000E-01 -7.89633922474000E-01 1.15000247310245E-02
262 -4.86829202841000E-01 2.04038379062000E-01 -8.49332483266000E-01 1.08221681754685E-02
263 1.26732104243000E-01 -8.88242067541000E-01 4.41548415470000E-01 1.00816313925606E-02
264 3.80892736307000E-01 -8.40044165098000E-01 3.86324376805000E-01 1.49486058901950E-02
265 -8.53815222246000E-01 1.94312669544000E-01 4.82951501411000E-01 1.20936224889390E-02
266 7.07500645964000E-01 5.51939817248000E-01 4.41367504577000E-01 1.80677776524792E-02
267 5.93607703844000E-01 4.99787786459000E-01 6.30747225474000E-01 1.84677092048637E-02
268 -2.10801429753000E-01 5.82844530920000E-01 7.84764302189000E-01 7.41019620951756E-03
269 -3.59983711124000E-01 -5.42500531109000E-01 -7.59015745207000E-01 1.67610470893473E-02
270 7.01453114467000E-01 6.30255410145000E-01 3.32778674479000E-01 1.72054205333895E-02
271 -9.28865830610000E-01 -3.49571013193000E-01 -1.22508675043000E-01 1.05561847294146E-02
272 7.77324035743000E-01 5.28910387717000E-01 3.40618768157000E-01 9.23631223319547E-03
273 8.50495590230000E-02 -8.03093446859000E-01 -5.89752056479000E-01 1.04160238740493E-02
274 9.45074862356000E-01 -3.20998366320000E-02 -3.25273892330000E-01 1.38134713120791E-02
275 4.50220156024000E-01 -6.40071342009000E-01 6.22583719871000E-01 2.03373769767895E-02
276 -7.64580586297000E-01 -6.11730355413000E-01 2.02983987851000E-01 9.39829368453411E-03
277 -6.25790395419000E-01 -7.78954108935000E-01 4.02104112720000E-02 1.74734114675855E-02
278 8.28464844247000E-01 -4.69545585867000E-01 3.05242435843000E-01 1.68229656420880E-02
279 7.29521302470000E-01 3.25879265903000E-01 -6.01332997013000E-01 1.43049630981777E-02
280 -4.76309054931000E-01 8.31412475602000E-01 -2.86152021842000E-01 1.00784852364818E-02
281 -3.42647093809000E-01 7.94999973058000E-01 -5.00567689670000E-01 1.81544031619994E-02
282 3.20489163896000E-01 -6.21788849891000E-01 -7.14608509589000E-01 1.56478618818632E-02
283 9.60498146666000E-01 -1.35366129635000E-01 -2.43144650773000E-01 1.78455731850318E-02
284 3.86201127374000E-01 6.24177240781000E-01 -6.79154961188000E-01 1.41004618000604E-02
285 2.74915339823000E-01 9.55266143783000E-01 1.09032795396000E-01 1.59195128920424E-02
286 4.52380920752000E-01 6.74800989305000E-01 -5.83091011226000E-01 1.82187230766769E-02
287 6.26371644491000E-01 3.05486564804000E-01 7.17172588505000E-01 1.90884149823999E-02
288 -5.00922220172000E-01 -8.64731207052000E-01 3.62886881540000E-02 1.06078909136708E-02
289 -2.09390779140000E-01 8.14175055821000E-01 5.41548225083000E-01 2.18978916659524E-02
290 -8.66060286694000E-01 -4.26592948412000E-01 2.60687621834000E-01 9.14685785339894E-03
291 -7.57202650894000E-01 -6.04111423775000E-01 -2.48381829333000E-01 1.30625089118533E-02
292 4.74524749904000E-01 -5.41474754428000E-01 6.93996651321000E-01 1.12095457346029E-02
293 -7.87195563770000E-01 6.15212768795000E-01 -4.28531619930000E-02 1.45488334608868E-02
294 2.82601552833000E-01 9.01178731812000E-01 3.28653701738000E-01 1.78058308264068E-02
295 5.41807304470000E-02 -9.54665655355000E-01 -2.92707934524000E-01 1.82446212440204E-02
296 -9.58719484843000E-01 -2.35255871269000E-01 -1.59723587536000E-01 1.41928366868247E-02
297 -3.92652775321000E-01 -5.75362380497000E-01 7.17483051466000E-01 1.99887387405119E-02
298 -5.61771637121000E-01 8.20575748024000E-01 1.05204892852000E-01 1.48659738116527E-02
299 8.23185361072000E-01 -2.15179177069000E-01 5.25417722457000E-01 1.56700991306311E-02
300 9.83645755443000E-01 3.25325186500000E-02 1.77151525618000E-01 1.04039186426620E-02
301 1.91768925610000E-02 3.28680402850000E-01 9.44246493017000E-01 9.06032849626550E-03
302 2.37210965190000E-02 9.93726985004000E-01 1.09288557748000E-01 8.38838396195948E-03
303 -7.18807457520000E-01 2.61581505426000E-01 6.44120295467000E-01 9.47791372696123E-03
304 -3.06776472984000E-01 -9.22444171985000E-01 -2.34488688843000E-01 2.03088923142620E-02
305 -4.39738720648000E-01 4.07440516420000E-01 -8.00388707531000E-01 1.28874625734505E-02
306 6.78197541212000E-01 -2.75426864701000E-01 6.81313538171000E-01 1.69430710167226E-02
307 5.56368501142000E-01 -5.74065964726000E-01 6.00751495279000E-01 1.18717516180934E-02
308 4.70281288793000E-01 2.39833697705000E-01 8.49302835776000E-01 1.67198061536797E-02
309 -8.65502721861000E-01 2.88515012311000E-01 -4.09468101472000E-01 1.48789336773806E-02
310 -9.94849586160000E-02 9.89131449967000E-01 -1.08266881804000E-01 1.49817206671204E-02
311 -1.50483582109000E-01 -9.15491849186000E-01 -3.73134514068000E-01 1.95134395257715E-02
312 -4.19243439803000E-01 -8.83634189848000E-01 -2.08387995607000E-01 1.15018934044414E-02
313 -9.17605895125000E-01 2.67307387498000E-01 -2.94187324372000E-01 1.52972647574942E-02
314 -2.86399753629000E-01 9.35065444260000E-01 -2.08872679096000E-01 1.17132918440179E-02
315 -2.22972817862000E-01 9.67657131626000E-01 1.17994907123000E-01 1.90842976966750E-02
316 -3.24209489310000E-02 9.03438800102000E-01 -4.27489434419000E-01 1.15582743331896E-02
317 -8.45473881330000E-02 7.24069707971000E-01 -6.84525234859000E-01 1.62293444343992E-02
318 2.62727067599000E-01 -8.74456907111000E-01 4.07798486457000E-01 9.64440018570751E-03
319 2.86181442959000E-01 6.23537927212000E-01 7.27530504539000E-01 1.23678958286232E-02
320 7.21507640447000E-01 5.70821841144000E-01 -3.91904517007000E-01 1.53852895448913E-02
321 9.64743099470000E-02 8.99683833176000E-01 -4.25748409090000E-01 1.71515424349016E-02
322 -5.57912749070000E-02 -2.82869193447000E-01 -9.57534517938000E-01 1.57037623834343E-02
323 -3.73340138711000E-01 6.91719004963000E-01 6.18176317081000E-01 2.18582417426389E-02
324 -1.99415911886000E-01 -9.75977491558000E-01 8.77566525080000E-02 1.13467816830437E-02
325 -4.69683737844000E-01 -1.43550852863000E-01 -8.71085724281000E-01 1.54796392851310E-02
326 7.29979445183000E-01 -6.66899296605000E-01 1.49583882151000E-01 1.16977998432550E-02
327 8.94903606708000E-01 4.22666590230000E-01 -1.43179915506000E-01 1.34905152259430E-02
328 -1.64329643459000E-01 9.59647501694000E-01 2.28193866644000E-01 6.97587883015649E-03
329 -5.57256121998000E-01 1.70930277542000E-01 8.12556739382000E-01 2.39480069237522E-02
330 -6.64354856752000E-01 -3.29370888402000E-01 6.70930281165000E-01 1.95380706928264E-02
331 -5.53232875560000E-02 -7.03357227230000E-02 -9.95988062159000E-01 1.52537981952052E-02
332 4.83099206150000E-01 -7.46463594732000E-01 -4.57610378769000E-01 9.53428980041073E-03
333 2.51670190586000E-01 -6.69716936739000E-01 6.98671124217000E-01 1.35728121201053E-02
334 -3.09066738538000E-01 -2.61684561657000E-01 -9.14329777115000E-01 1.48999477919655E-02
335 2.05372356915000E-01 -4.62381552021000E-01 -8.62569124978000E-01 1.03273595320778E-02
336 -7.84215078280000E-02 -9.94833420465000E-01 6.44711767900000E-02 2.06375190864155E-02
337 -4.07726365795000E-01 8.24963141963000E-01 -3.91401360547000E-01 1.37123175848029E-02
338 1.19883870610000E-02 -5.74484484077000E-01 -8.18427673121000E-01 1.34757367398911E-02
339 7.61126573389000E-01 -6.40647284883000E-01 -1.01278801598000E-01 1.87401756133975E-02
340 -5.94897448793000E-01 2.10713862008000E-01 -7.75691107192000E-01 1.47491232728906E-02
341 4.48746004510000E-02 -9.98132783902000E-01 4.14393042100000E-02 1.27720864906552E-02
342 1.75707971267000E-01 3.02630226654000E-01 -9.36771933156000E-01 1.65389357224725E-02
343 2.64562208839000E-01 -5.45489755147000E-01 -7.95265845289000E-01 1.53948658850204E-02
344 8.27306017903000E-01 -5.61381158395000E-01 -2.03947969150000E-02 1.26994604863762E-02
345 -5.67950337988000E-01 -6.20255190695000E-01 5.41032265207000E-01 5.92183677300995E-03
346 -2.92533959217000E-01 -5.38264843978000E-01 7.90376391627000E-01 1.08713284540140E-03
347 -3.23774816087000E-01 -8.39429919013000E-01 4.36494306416000E-01 1.50762800121885E-02
348 -6.45605096510000E-02 -4.42860238947000E-01 8.94263243879000E-01 2.27743345045474E-02
349 -3.42583684965000E-01 -8.30132230231000E-01 -4.39905557055000E-01 1.88108664651193E-02
350 -4.42663945332000E-01 3.46302385158000E-01 8.27117458126000E-01 2.45601831125823E-02
351 9.54394456222000E-01 8.30182611370000E-02 -2.86773761440000E-01 1.48748937266418E-02
352 -2.80890478067000E-01 8.51568611136000E-01 4.42641434866000E-01 1.66451269170984E-02
353 -5.11391507367000E-01 7.50667642179000E-01 4.18302303578000E-01 9.40507650092529E-03
354 -6.61399917470000E-01 5.04328082720000E-01 -5.55160638150000E-01 1.29638494966711E-02
355 -5.68477570104000E-01 7.63240101254000E-01 3.07079468748000E-01 1.66324797106349E-02
356 -9.41284247886000E-01 3.23581835278000E-01 -9.63263232980000E-02 1.44044657229571E-02
357 -4.46553915747000E-01 7.26349799552000E-01 5.22499348346000E-01 1.45786521862655E-02
358 2.77990958449000E-01 9.05832414718000E-01 -3.19669616115000E-01 1.75704450812314E-02
359 5.64712706179000E-01 6.16912168490000E-01 -5.48196074274000E-01 1.53480954080094E-02
360 -1.71289742615000E-01 6.77991811499000E-01 7.14833496428000E-01 2.51331155074240E-02
361 5.40210065331000E-01 -8.10594619205000E-01 2.26073989282000E-01 2.00975697136706E-02
362 -2.53489464770000E-01 -5.49828951650000E-02 9.65774286513000E-01 2.82240330835522E-02
363 4.21508259800000E-02 1.22487517458000E-01 9.91574563982000E-01 8.39696134495854E-03
364 -9.55293563768000E-01 2.34039896334000E-01 -1.80664146826000E-01 1.17999797923503E-02
365 -9.22808417137000E-01 3.70332593939000E-01 1.06199788738000E-01 1.28003220044984E-02
366 6.53987538808000E-01 -3.66464314599000E-01 -6.61818861328000E-01 1.81275063916840E-02
367 -4.54359973411000E-01 8.83246382364000E-01 1.15900140649000E-01 1.20767425695707E-02
368 -5.58429125850000E-02 -2.18380193045000E-01 9.74264676769000E-01 1.81925601271946E-03
369 -4.23785012974000E-01 -6.03942596977000E-01 -6.75025630873000E-01 1.13470444289519E-02
370 -1.70749146349000E-01 -8.05586775952000E-01 -5.67339999853000E-01 1.81798327626024E-02
371 -5.38718513686000E-01 -2.47795086824000E-01 -8.05220440599000E-01 8.75806293707845E-03
372 -4.64777325019000E-01 -6.96550753029000E-01 5.46625179262000E-01 1.84443614759023E-02
373 9.24467469357000E-01 1.78434398460000E-01 3.36928870160000E-01 1.03363020121800E-02
374 4.70728018290000E-01 8.58387096404000E-01 2.03928236209000E-01 1.67555913171315E-02
375 -8.86188442150000E-01 3.27584666920000E-01 3.27655811788000E-01 1.27039495595362E-02
376 3.78988579576000E-01 8.32244833632000E-01 4.04643291608000E-01 1.81630885195097E-02
377 -2.68887025568000E-01 -8.96471131202000E-01 -3.52192104401000E-01 1.05349992937647E-02
378 -3.61439546712000E-01 -6.99821592903000E-01 -6.16125954801000E-01 1.80220721971613E-02
379 -4.80956666200000E-02 6.97431585086000E-01 7.15035657137000E-01 1.07919626781121E-02
380 7.67003463662000E-01 1.53529615597000E-01 6.23004288801000E-01 1.53721339861058E-02
381 9.62869815110000E-01 2.38004521831000E-01 1.27418863355000E-01 9.17192454409676E-03
382 -3.48267310830000E-02 9.75404901964000E-01 -2.17651960768000E-01 1.35659711022253E-02
383 -7.22503892086000E-01 5.91774747095000E-01 -3.57478355459000E-01 1.17016074694741E-02
384 -8.15759794510000E-01 -3.65679157066000E-01 -4.48123545185000E-01 1.65631460282965E-02
385 -6.29928640865000E-01 3.48329292010000E-01 6.94158923983000E-01 1.95769427847624E-02
386 -1.71064354468000E-01 2.76677402171000E-01 -9.45614404373000E-01 1.16517395558896E-02
387 -1.77845244026000E-01 -6.58051452771000E-01 -7.31668883227000E-01 1.72602337714992E-02
388 1.50803260104000E-01 -7.29867122969000E-01 6.66747598084000E-01 1.59579671129871E-02
389 3.54839954670000E-02 7.14138854996000E-01 -6.99104128046000E-01 1.34478295477725E-02
390 6.03133882230000E-01 -7.84733957286000E-01 -1.42906040420000E-01 1.83917279803408E-02
391 2.95120335700000E-02 9.45021688284000E-01 -3.25673223565000E-01 1.37726828829066E-02
392 1.53859807794000E-01 -8.47666770353000E-01 -5.07728476634000E-01 1.60224084132926E-02
393 -5.66215228655000E-01 5.07038862812000E-01 -6.49855296537000E-01 1.64073099352356E-02
394 -9.62748313255000E-01 -2.04247165642000E-01 1.77197010846000E-01 1.75378069594333E-02
395 -2.89165130587000E-01 -4.30806050563000E-01 8.54862371409000E-01 2.42118019261882E-02
396 -8.11211898240000E-01 -5.05509745139000E-01 -2.93930525333000E-01 1.68429926727214E-02
397 4.17243903930000E-02 -5.87992835719000E-01 8.07789267315000E-01 1.98824458221361E-02
398 -2.97413325681000E-01 -4.63537749772000E-01 -8.34672431702000E-01 1.53382584148159E-02
399 -4.68559280940000E-01 8.77791845009000E-01 -9.96678337340000E-02 1.03146613892070E-02
400 4.24018334848000E-01 -8.64103901830000E-01 2.71169501520000E-01 1.46673729458447E-02
401 -2.93058962446000E-01 6.45575406134000E-01 7.05229636023000E-01 6.49015663838331E-03
402 8.26399736974000E-01 -5.02508165477000E-01 -2.54064988455000E-01 1.81114664252409E-02
403 4.12402300049000E-01 -9.13151746000000E-04 -9.11001377095000E-01 1.19597740867369E-02
404 -7.07233894716000E-01 3.77794850602000E-01 5.97571141391000E-01 1.43544583910236E-02
405 4.61837225460000E-02 -7.68310972744000E-01 6.38408421728000E-01 1.73920776739507E-02
406 -5.21389932596000E-01 3.10865017023000E-01 -7.94679482168000E-01 1.52298156196331E-02
407 2.37617352418000E-01 7.09342894360000E-02 -9.68765358801000E-01 1.16096063640908E-02
408 4.10311155995000E-01 2.18804935606000E-01 -8.85307379062000E-01 1.08026149373599E-02
409 6.52297326740000E-01 -5.00562523973000E-01 5.69161977930000E-01 9.19086950626173E-03
410 -9.38019584864000E-01 -2.02722319290000E-01 -2.81110155764000E-01 1.08761777532797E-02
411 7.23747731868000E-01 6.85325252488000E-01 -8.07373452580000E-02 1.16322160471067E-02
412 3.04450551212000E-01 -9.03919915020000E-01 3.00397485171000E-01 1.48236296959185E-02
413 2.20060917213000E-01 8.77796730709000E-01 -4.25495114276000E-01 1.48417165787004E-02
414 -4.18062947480000E-02 9.74028658959000E-01 2.22531807267000E-01 1.91203269221395E-02
415 2.81356566316000E-01 -3.57978605510000E-01 8.90331286987000E-01 1.67775094997233E-02
416 -7.17648374348000E-01 -2.82555134400000E-03 -6.96399904548000E-01 1.65948755002086E-02
417 -5.93819103757000E-01 5.64997837094000E-01 5.72849296144000E-01 1.55113592515159E-02
418 9.42841811064000E-01 -2.86045368833000E-01 1.70960130669000E-01 1.58835945190347E-02
419 -7.60639963213000E-01 -6.49170021245000E-01 2.26492389300000E-03 1.13326630034694E-02
420 9.86544255992000E-01 -1.13632943439000E-01 -1.17549926137000E-01 1.20033631208875E-02
421 7.05035080485000E-01 4.40188591106000E-01 -5.56021168254000E-01 1.53001805482457E-02
422 -6.45232594173000E-01 -6.24412874939000E-01 4.40208429074000E-01 1.99282064810789E-02
423 6.76939169565000E-01 -6.69470951274000E-01 -3.05879071055000E-01 1.71347127575373E-02
424 -2.85236792801000E-01 8.65253528325000E-01 -4.12281825642000E-01 1.19009026569555E-02
425 -4.18667758950000E-02 8.98047694873000E-01 4.37901256917000E-01 2.07562819578613E-02
426 -8.91483475473000E-01 -2.36863287980000E-02 4.52433609258000E-01 1.31095881793515E-02
427 4.97757706335000E-01 -5.06384734901000E-01 -7.04139024656000E-01 1.76867913224388E-02
428 -7.36877246837000E-01 5.02391141927000E-01 -4.52343966033000E-01 1.15812175780300E-02
429 -3.54223207233000E-01 5.04090522457000E-01 -7.87666594840000E-01 1.72427059408765E-02
430 1.37034795870000E-01 -5.61986780629000E-01 -8.15715834785000E-01 1.68908045120742E-02
431 -6.67094382137000E-01 6.91047299812000E-01 2.78278124802000E-01 1.00336932043819E-02
432 9.47149222296000E-01 -3.18268761312000E-01 4.01664820010000E-02 1.11359427446749E-02
433 -7.77278616126000E-01 -4.74906210504000E-01 -4.12676682329000E-01 1.34625669590794E-02
434 3.43990887963000E-01 -9.19902059173000E-01 1.88282953363000E-01 1.56220148615685E-02
435 5.69422869550000E-01 -7.07646170074000E-01 4.18323431824000E-01 1.71644429016959E-02
436 -5.00820111160000E-02 -4.82099734217000E-01 -8.74683736233000E-01 1.48861084074994E-02
437 -9.22279720344000E-01 -3.18342286267000E-01 2.19222047745000E-01 1.40094203629157E-02
438 -1.77323173113000E-01 -5.64558772230000E-02 -9.82532048436000E-01 1.24905151786169E-02
439 9.11623650634000E-01 -3.93833554049000E-01 1.17632696599000E-01 1.69479186909985E-02
440 -3.58483825048000E-01 -1.03176045751000E-01 9.27816819616000E-01 1.31276831011819E-02
441 7.87397279798000E-01 -2.07000146731000E-01 -5.80651757098000E-01 1.71858718575549E-02
442 7.44103639551000E-01 -1.21155553498000E-01 -6.56986381490000E-01 1.32335814622098E-02
443 6.75906339057000E-01 -1.56142408637000E-01 7.20257015965000E-01 9.94979059309207E-03
444 6.83038757408000E-01 6.98749285857000E-01 2.12620533800000E-01 1.57664567999487E-02
445 -1.45205587024000E-01 5.70522399106000E-01 -8.08343695228000E-01 1.82770640260826E-02
446 -7.90200922350000E-02 3.65689080549000E-01 -9.27376580139000E-01 1.20192509171303E-02
447 7.63442619770000E-02 7.05864790691000E-01 7.04220456197000E-01 8.94208174473244E-03
448 5.07283555217000E-01 8.09667617711000E-01 -2.95130044957000E-01 1.06795316288555E-02
449 8.58589180456000E-01 2.67817923452000E-01 -4.37147777166000E-01 1.45071388893553E-02
450 5.25995298681000E-01 2.16738083000000E-02 -8.50211263039000E-01 1.23419851684986E-02
451 4.98156197821000E-01 5.77171672991000E-01 -6.47080568762000E-01 9.57417129902451E-03
452 9.17968532136000E-01 -2.64946796409000E-01 2.95189717099000E-01 1.59308762549718E-02
453 -8.50213135413000E-01 1.92408083112000E-01 -4.90017095542000E-01 1.53523870782600E-02
454 3.48532741050000E-01 4.90170241310000E-02 9.36014027545000E-01 2.00200276369719E-02
455 5.88538472127000E-01 -3.59369446348000E-01 7.24207199534000E-01 9.50870889932508E-03
456 -1.13957484201000E-01 -5.74840890661000E-01 -8.10291084869000E-01 1.43334138596542E-02
457 -5.80503237755000E-01 -5.24238577984000E-01 6.23048877946000E-01 2.05233629200400E-02
458 4.33510197464000E-01 -6.07992497014000E-01 -6.65142114340000E-01 1.56205320957516E-02
459 3.36342526913000E-01 9.18411506050000E-01 -2.08312289953000E-01 1.07565429024734E-02
460 6.58319516289000E-01 2.90320486710000E-01 -6.94499409266000E-01 1.49887993160276E-02
461 6.84949398828000E-01 7.28295894626000E-01 2.07222324350000E-02 1.37999759762923E-02
462 -5.65059061186000E-01 -8.23457914798000E-01 -5.12378759110000E-02 1.19823234071684E-02
463 5.04717094627000E-01 -3.07913649656000E-01 -8.06504704727000E-01 1.84137975043185E-02
464 4.81797240712000E-01 2.89241755945000E-01 -8.27170251799000E-01 1.63518264064283E-02
465 1.20893154600000E-02 -9.83839679114000E-01 -1.78643035835000E-01 1.18271631801178E-02
466 7.61299080413000E-01 4.67704851604000E-01 -4.49083379729000E-01 1.48402098825823E-02
467 -8.53067203598000E-01 -1.16946600100000E-02 -5.21669992498000E-01 1.58487785347739E-02
468 -9.78328964994000E-01 1.96473647737000E-01 -6.53493840670000E-02 1.49766591731095E-02
469 -3.75220888929000E-01 1.91126356470000E-01 -9.07017089351000E-01 1.47222714695985E-02
470 1.74080765705000E-01 -9.25963654373000E-01 3.35092819665000E-01 2.02543946433240E-02
471 4.85477314638000E-01 -9.39371326710000E-02 8.69187892275000E-01 1.86711840292824E-02
472 6.70219332813000E-01 -3.90222650173000E-01 6.31294170110000E-01 1.41513527878625E-02
473 -8.26905109122000E-01 -4.02993343560000E-02 5.60895626796000E-01 1.62401489110883E-02
474 4.12571963233000E-01 -8.93716469851000E-01 -1.76224988781000E-01 1.67374781953584E-02
475 -9.38937347967000E-01 4.82967877160000E-02 -3.40681782444000E-01 1.67805108710496E-02
476 5.33395090742000E-01 4.73216951324000E-01 -7.01110115568000E-01 1.48721034553501E-02
477 4.02456655753000E-01 9.08018547732000E-01 1.16322642744000E-01 1.16530771914762E-02
478 7.38098724808000E-01 -4.19108456815000E-01 5.28732800063000E-01 1.78648938790858E-02
479 9.75453862962000E-01 -2.17595036676000E-01 -3.37958761680000E-02 1.82966806590757E-02
480 5.34431513903000E-01 8.38715071366000E-01 1.04594388053000E-01 1.24966173577662E-02
481 6.18437671496000E-01 5.77069450481000E-01 5.33409501036000E-01 1.40529955029623E-02
482 -8.20341438124000E-01 9.12491212380000E-02 -5.64547183829000E-01 1.30349201623914E-02
483 -4.63789473502000E-01 2.24448559141000E-01 8.57042687716000E-01 1.20019554907495E-02
484 -6.62247923310000E-01 -5.35259694146000E-01 5.24332669108000E-01 1.42791856973841E-02
485 -1.59867740779000E-01 1.88659487837000E-01 9.68942672766000E-01 3.94506762504652E-03
486 -7.92540706358000E-01 -1.45127433602000E-01 5.92298283623000E-01 1.19815043994841E-02
487 -6.39184631427000E-01 -2.15251162293000E-01 -7.38315612783000E-01 1.74762586705333E-02
488 8.75572524933000E-01 -3.89779677182000E-01 -2.85384927492000E-01 1.50175024461442E-02
489 5.70824116623000E-01 7.89631685106000E-01 2.25036951983000E-01 1.34027354104771E-02
490 -7.63953789554000E-01 -6.34166089276000E-01 -1.19197225800000E-01 1.67775468505834E-02
491 8.60949015711000E-01 -3.56878889565000E-01 3.62497242099000E-01 1.64721987840469E-02
492 2.06949875732000E-01 -9.72633611177000E-01 -1.05620108615000E-01 1.56346141873317E-02
493 6.54555651038000E-01 -1.58031826460000E-01 -7.39312411312000E-01 1.67372807395218E-02
494 -6.87935526117000E-01 -5.41876987078000E-01 -4.82818850898000E-01 1.72440849402096E-02
495 4.52762600429000E-01 7.61315145291000E-01 4.64117740669000E-01 8.37178299402147E-03
496 -5.03853368428000E-01 -3.62116442273000E-01 -7.84221566497000E-01 1.92030358844472E-02
497 5.13877272183000E-01 7.10055970023000E-01 -4.81404890470000E-01 9.55080595873732E-03
498 3.87967855712000E-01 -4.03683910353000E-01 8.28565171520000E-01 1.16383359307908E-02
499 2.14071377862000E-01 9.51372025916000E-01 2.21505560843000E-01 8.77714623520155E-03
500 3.16848690572000E-01 -9.40052822647000E-01 -1.26125326231000E-01 1.21440156136330E-02
501 4.48409354304000E-01 -4.20324714255000E-01 -7.88832165646000E-01 1.44499089330731E-02
502 -2.52682711754000E-01 4.77408069790000E-01 8.41565791890000E-01 1.32338409506370E-02
503 -4.61387358941000E-01 5.06205916609000E-01 -7.28613254751000E-01 1.29633575346085E-02
504 1.81552458696000E-01 -9.35902713288000E-01 -3.01868872198000E-01 1.48351668417136E-02
505 9.06750676360000E-02 -9.11012331066000E-01 -4.02286669871000E-01 1.06351486138324E-02
506 9.22676485702000E-01 -3.12114352370000E-02 3.84309704592000E-01 1.13452860184993E-02
507 1.03502195930000E-01 -8.25417183352000E-01 5.54953843905000E-01 1.22697194426183E-02
508 2.15879546981000E-01 -9.50436596207000E-01 2.23754994997000E-01 8.86586819686048E-03
509 -1.14927521772000E-01 -7.40691213134000E-01 -6.61942740368000E-01 1.14296831581874E-02
510 7.27847114230000E-02 -6.58497311671000E-01 -7.49055189092000E-01 1.39286991889793E-02
511 -5.56508809876000E-01 6.63297189992000E-01 5.00334670275000E-01 1.68864587554579E-02
512 9.01748536141000E-01 4.31984407315000E-01 -1.54612225980000E-02 1.74142097498637E-02
513 7.99992479943000E-01 2.92341146600000E-02 5.99297420797000E-01 1.70120425932853E-02
514 8.63522516360000E-01 1.49229579698000E-01 -4.81725436616000E-01 1.38169556474760E-02
515 1.50601019166000E-01 -6.33764319936000E-01 7.58724007662000E-01 1.37099015687459E-02
516 -5.39440285753000E-01 8.22833668305000E-01 -1.78742642955000E-01 1.84556257597647E-02
517 -3.81696006486000E-01 6.98630670238000E-01 -6.05163899482000E-01 1.39778423811306E-02
518 -5.26390002749000E-01 -8.31810021948000E-01 -1.76084219600000E-01 1.18686229009389E-02
519 -6.59378863391000E-01 -2.03662497673000E-01 7.23699593447000E-01 1.66174943418704E-02
520 -4.29850544661000E-01 -8.93000280847000E-01 1.33337945320000E-01 1.80841349898664E-02
521 -2.52777036347000E-01 7.34921818875000E-01 6.29280295288000E-01 1.45094852753048E-02
522 -2.74819696579000E-01 -9.61418098747000E-01 -1.22218563840000E-02 2.05261541854052E-02
523 -5.63563267305000E-01 6.82441480050000E-01 -4.65478323933000E-01 1.28492545425155E-02
524 6.71793350511000E-01 6.63799964573000E-01 -3.28729830168000E-01 1.16359865802016E-02
525 2.56920943011000E-01 -1.38713716845000E-01 -9.56425707413000E-01 1.19355193049048E-02
526 -1.77607832609000E-01 -6.93394866613000E-01 6.98325867164000E-01 5.27496610009023E-03
527 -5.83183170125000E-01 -4.18392771878000E-01 6.96308034222000E-01 1.54753508344455E-02
528 -7.72149033221000E-01 4.02872213931000E-01 4.91405992778000E-01 1.14380946660916E-02
529 -8.85642252839000E-01 -4.56800698415000E-01 -8.34920470090000E-02 1.74532416469302E-02
530 2.42202312707000E-01 1.50734201780000E-02 9.70108670059000E-01 9.18192671893293E-03
531 3.35859369320000E-02 8.45469868302000E-01 5.32965933840000E-01 5.02388931195587E-03
532 5.81356265779000E-01 2.15521328390000E-01 7.84586164324000E-01 6.42338519341207E-03
533 8.77451696210000E-02 -9.63960635470000E-01 2.51158671904000E-01 1.20604350155798E-02
534 -9.86348189622000E-01 -1.48208193215000E-01 -7.17745100520000E-02 1.06355039407887E-02
535 -3.83906459217000E-01 -8.63518609257000E-01 -3.27034313242000E-01 1.16473939642596E-02
536 -4.79546540076000E-01 -4.96840689813000E-01 -7.23314900197000E-01 1.40349458379271E-02
537 7.83848511077000E-01 -5.76002115443000E-01 2.31954897960000E-01 6.92661284692453E-03
538 -2.93191913927000E-01 2.92183707352000E-01 -9.10311585539000E-01 1.24831285410393E-02
539 -5.12892958994000E-01 8.30042392996000E-01 2.19021547899000E-01 1.10938189704699E-02
540 9.75605247630000E-01 -2.00244995081000E-01 8.99796796020000E-02 1.34736996703443E-02
541 -2.64377236823000E-01 5.86180709898000E-01 -7.65830824656000E-01 1.21496913374644E-02
542 -4.73548515367000E-01 -8.46072101589000E-01 2.44772961144000E-01 8.27759390997712E-03
543 -4.57543372176000E-01 8.25860491580000E-01 3.29558054105000E-01 1.44552813342577E-02
544 2.81138476354000E-01 -9.30723986208000E-01 -2.33910278977000E-01 1.52153220162664E-02
545 4.16506136980000E-02 -6.83577422000000E-01 7.28688640306000E-01 8.04159453380205E-03
546 -9.25355986337000E-01 -3.79047714843000E-01 6.25527158100000E-03 1.38253737514369E-02
547 1.45043904172000E-01 3.45528113927000E-01 9.27131375992000E-01 1.31377693545769E-02
548 2.40779302080000E-02 3.11107630120000E-02 -9.99225887226000E-01 1.46914993521267E-02
549 -9.47826385203000E-01 1.06771650174000E-01 3.00374696392000E-01 1.44011800886635E-02
550 2.79454008096000E-01 9.54601923665000E-01 -1.03153403700000E-01 1.73252725207218E-02
551 8.02768960808000E-01 2.37852237119000E-01 -5.46798234142000E-01 1.44085628673731E-02
552 -6.39826647957000E-01 2.33381658359000E-01 7.32225963829000E-01 1.50049684961906E-02
553 5.46114373760000E-02 -3.74736276443000E-01 9.25521644277000E-01 7.48514103816911E-03
554 -1.00560146439000E-01 4.79987058070000E-02 -9.93772499715000E-01 1.39618970550890E-02
555 -7.49237731473000E-01 9.97316727570000E-02 -6.54749123853000E-01 1.41998054698686E-02
556 1.01088258960000E-02 -7.40242141123000E-01 -6.72264370724000E-01 1.62965397563322E-02
557 -4.57581304003000E-01 -1.53605984392000E-01 8.75799378731000E-01 4.44394111529147E-03
558 2.50983217486000E-01 -7.09982706454000E-01 -6.57975669062000E-01 1.54533010844588E-02
559 4.55336833001000E-01 4.09929693273000E-01 -7.90332850821000E-01 1.01884572774507E-02
560 -6.92755268756000E-01 2.11674523462000E-01 -6.89408466534000E-01 1.52647328380875E-02
561 -4.92020127649000E-01 -5.01175471110000E-01 7.11856264386000E-01 3.43789376641760E-03
562 -9.74425244157000E-01 -1.14942832671000E-01 -1.93089587413000E-01 1.64801659413783E-02
563 -9.87087885717000E-01 -8.52692761720000E-02 1.35597405621000E-01 1.10134526576907E-02
564 -2.15725669628000E-01 7.55305937290000E-02 9.73528409896000E-01 2.03589781112470E-02
565 4.50367977350000E-01 8.70780355651000E-01 -1.97256830528000E-01 1.66962573842421E-02
566 -7.90331303989000E-01 -1.98917732818000E-01 -5.79489573251000E-01 1.52750636455919E-02
567 5.67434726119000E-01 -6.56184466474000E-01 -4.97433189035000E-01 1.54694790136570E-02
568 3.22113126823000E-01 7.00093446303000E-01 6.37269409255000E-01 1.15021003493163E-02
569 -1.22552846604000E-01 -8.58688031553000E-01 4.97630047583000E-01 1.36190400355528E-02
570 -8.73523698346000E-01 -4.84383123089000E-01 4.82632209320000E-02 1.09677500376035E-02
571 -5.77067362774000E-01 -7.75318382547000E-01 2.56660601778000E-01 1.63694885271483E-02
572 -7.77404913427000E-01 2.07721328109000E-01 -5.93711588592000E-01 1.37087933783623E-02
573 -3.89032897947000E-01 -9.21136932561000E-01 1.26552671780000E-02 1.21470712116705E-02
574 -8.88207668821000E-01 4.44077927834000E-01 -1.17821606922000E-01 1.23224595077278E-02
575 -7.86383560759000E-01 2.88151816601000E-01 5.46415067469000E-01 1.64241794567600E-02
576 9.48931924863000E-01 1.98230580259000E-01 -2.45423794742000E-01 1.32251923044116E-02
577 -5.44429015339000E-01 -7.06683983630000E-01 4.51879181350000E-01 1.68265224636323E-02
578 5.02789890401000E-01 -7.95321945597000E-01 3.38622694105000E-01 8.19691480447390E-03
579 8.00392771766000E-01 -4.72045143849000E-01 -3.69519678872000E-01 9.76747451788506E-03
580 2.73816111252000E-01 3.50223653925000E-01 8.95750037371000E-01 1.65728547812348E-02
581 -4.48397002110000E-02 -8.11182323879000E-01 -5.83071726901000E-01 1.38716650317811E-02
582 1.66196724225000E-01 -4.27419217886000E-01 8.88645858055000E-01 2.09911575968038E-02
583 -6.92116979241000E-01 7.18778814277000E-01 -6.58111175510000E-02 1.81799795949736E-02
584 8.84106186808000E-01 3.02577345596000E-01 3.56094370048000E-01 1.75198526792336E-02
585 -2.31040327389000E-01 -9.63343973383000E-01 -1.36340588479000E-01 1.12349241437687E-02
586 -5.09605636768000E-01 -7.83123935622000E-01 3.56397245262000E-01 1.70911077485630E-02
587 -2.87144783764000E-01 -6.39626239525000E-01 7.13040073816000E-01 2.10682351562540E-02
588 -8.17909507973000E-01 -3.50241682864000E-01 4.56458979922000E-01 8.89074039943687E-03
589 -2.80529131067000E-01 -3.16609578620000E-01 9.06124594826000E-01 1.31709151645955E-02
590 -1.00286340420000E-01 -8.69787357135000E-01 -4.83127936777000E-01 1.03103414985549E-02
591 -9.75814570925000E-01 1.27676225910000E-01 1.77439298092000E-01 1.19716279075312E-02
592 2.65486287780000E-01 -5.72027079087000E-01 7.76081214689000E-01 1.75911320903133E-02
593 -9.40818081842000E-01 -9.69036782200000E-03 3.38773425244000E-01 1.21699243556402E-02
594 -2.85032661528000E-01 9.58492167982000E-01 7.01040502600000E-03 1.29155635954464E-02
595 1.51864135587000E-01 9.82075137775000E-01 1.11649935450000E-01 1.63373056543439E-02
596 -4.09142877884000E-01 -3.35376188800000E-02 -9.11853789594000E-01 1.59853911174997E-02
597 -9.02162263073000E-01 -1.67364627904000E-01 -3.97608265021000E-01 1.71410239702550E-02
598 1.68718695943000E-01 -9.85526336198000E-01 1.64876408000000E-02 9.16363511543102E-03
599 9.78726780656000E-01 -1.82388932810000E-02 -2.04355649782000E-01 1.16154656122876E-02
600 2.70488937697000E-01 -3.56205898042000E-01 -8.94400968684000E-01 1.37731832011599E-02
601 6.23245020184000E-01 6.44686850768000E-01 -4.42656197588000E-01 1.58271386941572E-02
602 -1.11273044338000E-01 -9.81103160399000E-01 -1.58287391342000E-01 2.06914224130352E-02
603 5.68746052154000E-01 7.32845684076000E-01 -3.73450306587000E-01 1.53980036852407E-02
604 -6.44141451040000E-01 7.63507987027000E-01 4.62314265300000E-02 1.30558120047704E-02
605 8.93816473016000E-01 -5.72295988830000E-02 -4.44766102100000E-01 1.54110894031118E-02
606 7.72393045649000E-01 -4.09609455526000E-01 -4.85416395454000E-01 1.83266902017484E-02
607 6.21826578196000E-01 -6.05618790127000E-01 4.96545655196000E-01 1.93168594566017E-02
608 3.90314965230000E-01 -3.32272757028000E-01 -8.58632076535000E-01 1.08948246294813E-02
609 6.69271115176000E-01 5.46806695808000E-01 -5.03069191872000E-01 1.08892172297387E-02
610 -2.32363212822000E-01 2.78692328836000E-01 9.31846512670000E-01 1.60385825735334E-02
611 7.53141125150000E-01 -5.57200943953000E-01 3.49722109203000E-01 1.71911724681041E-02
612 5.16046388823000E-01 8.52826565838000E-01 -7.98935115260000E-02 1.20242022668828E-02
613 -6.94653707996000E-01 7.56449366300000E-03 7.19304528279000E-01 1.62148225333363E-02
614 -7.53368934750000E-01 6.15805609537000E-01 2.30691784457000E-01 1.41276277587659E-02
615 5.17573096622000E-01 5.97205321757000E-01 6.12751085938000E-01 1.00173841066658E-02
616 3.95042941549000E-01 8.64374739786000E-01 -3.11122778903000E-01 1.44963387566027E-02
617 2.60487994300000E-01 3.78655485099000E-01 -8.88125007209000E-01 1.04848827784116E-02
618 5.11816362940000E-02 3.32624691087000E-01 -9.41669397924000E-01 1.10214440612947E-02
619 8.14079871940000E-01 -3.32039202543000E-01 4.76470282469000E-01 1.55127858418899E-02
620 -7.94886131772000E-01 -5.30981841870000E-01 2.93622753073000E-01 1.87218578787930E-02
621 4.24593436939000E-01 5.20875703862000E-01 -7.40546362111000E-01 1.78175989949630E-02
622 -9.51055315049000E-01 -2.94610802307000E-01 9.32644781350000E-02 1.01929722576559E-02
623 -3.04446959247000E-01 3.62971334794000E-01 8.80661035316000E-01 2.25359670839078E-02
624 6.34862694743000E-01 -5.56628699512000E-01 -5.35830056737000E-01 1.83267028693393E-02
625 2.18263473830000E-01 2.48525876719000E-01 9.43713910352000E-01 1.03941336701260E-02
626 -6.16600870055000E-01 6.81999558766000E-01 3.93293743773000E-01 1.58988414628807E-02
627 -6.44061969799000E-01 7.45228561410000E-01 -1.72680544119000E-01 1.01711201803336E-02
628 -2.41654285755000E-01 -8.17469775973000E-01 5.22825373855000E-01 6.46935301385551E-03
629 -9.64033073820000E-02 9.41838470741000E-01 -3.21942071431000E-01 1.49822167877853E-02
630 -9.47598244500000E-03 1.44785244295000E-01 -9.89417727146000E-01 1.14011356317300E-02
631 -2.84637177087000E-01 -9.01396559894000E-01 3.26291157144000E-01 8.37571435044951E-03
632 8.10902138983000E-01 5.69952296029000E-01 1.32635218716000E-01 1.40829384461135E-02
633 6.08837286286000E-01 -7.31507058344000E-01 3.06943940191000E-01 1.42451609706869E-02
634 -6.34994726639000E-01 -9.10062736060000E-02 7.67137246720000E-01 6.00406686013335E-03
635 3.33923030659000E-01 -7.09162528654000E-01 6.20954038194000E-01 1.74541475307128E-02
636 -3.47848669059000E-01 9.32046010214000E-01 -1.01447219175000E-01 1.33718912150209E-02
637 7.57747566426000E-01 5.94084025374000E-01 -2.69968139548000E-01 1.44127197684580E-02
638 5.27390826472000E-01 1.22684791704000E-01 8.40718358333000E-01 2.02806301537656E-02
639 8.34129772920000E-02 9.72906862862000E-01 2.15625859800000E-01 1.56353799814681E-02
640 -6.68816600217000E-01 -6.73555882808000E-01 -3.14653504683000E-01 1.65770371428865E-02
641 6.68604264271000E-01 -7.40824242157000E-01 6.44032610260000E-02 2.13559716847954E-02
642 6.99385785264000E-01 6.85928300710000E-01 -2.00902687032000E-01 1.46924333472611E-02
643 -6.59279958313000E-01 1.06031119981000E-01 -7.44383864792000E-01 1.09295265163395E-02
644 -2.21816417219000E-01 6.20662062170000E-02 -9.73111125770000E-01 1.47275865179239E-02
645 2.35503482778000E-01 -7.85152627096000E-01 -5.72776973842000E-01 1.47574126298363E-02
646 3.91027818556000E-01 -2.92758255770000E-01 8.72576557555000E-01 1.37650811386889E-02
647 8.43673811668000E-01 -3.64342774168000E-01 -3.94295374583000E-01 1.29197753729985E-02
648 2.01181337779000E-01 7.07301077877000E-01 6.77680791054000E-01 1.98206042012426E-02
649 8.03815902223000E-01 4.92692334451000E-01 -3.33368053219000E-01 1.25486811001246E-02
650 3.35077681332000E-01 1.24062459687000E-01 -9.33986859420000E-01 1.62238864355448E-02
651 2.18529542160000E-01 7.56321021076000E-01 -6.16622536307000E-01 1.40330535850958E-02
652 -7.99469375185000E-01 3.04602426928000E-01 -5.17750982279000E-01 1.27437305269131E-02
653 -5.26924925298000E-01 -7.01900869864000E-01 -4.79254934231000E-01 1.79392657835683E-02
654 8.81865040410000E-01 4.55171621569000E-01 1.23015630798000E-01 1.19905864427425E-02
655 -7.45541307905000E-01 -3.45088608099000E-01 5.70159636215000E-01 1.35370758403786E-02
656 1.42974151735000E-01 -3.72656438603000E-01 -9.16889072191000E-01 1.80627529112334E-02
657 7.61584695151000E-01 6.04442907511000E-01 2.33746708365000E-01 1.18365371473519E-02
658 3.87387393547000E-01 -5.26120524696000E-01 -7.57052310487000E-01 9.84470988312308E-03
659 -1.13082274067000E-01 4.70795296734000E-01 -8.74965249518000E-01 1.15000948301416E-02
660 -7.16607788520000E-02 -6.45258185352000E-01 7.60596218114000E-01 1.84365071384207E-02
661 -1.20305519458000E-01 -1.74465491436000E-01 -9.77286229457000E-01 1.32063969638487E-02
662 -1.30888160860000E-01 7.62794709226000E-01 6.33255494191000E-01 3.61563524837877E-03
663 5.56126248066000E-01 -3.96444403576000E-01 -7.30448787448000E-01 9.01775816589112E-03
664 6.36639600828000E-01 7.63725610087000E-01 -1.06832631513000E-01 1.49818121577875E-02
665 3.63305849747000E-01 -6.11022800262000E-01 7.03320692927000E-01 7.48475863223341E-03
666 -7.10896258910000E-02 -5.47001221340000E-01 8.34107864094000E-01 4.21650107400163E-03
667 8.53848029513000E-01 -4.85816763959000E-01 1.86883959595000E-01 1.61048663993165E-02
668 -1.84102096793000E-01 -2.75383224402000E-01 -9.43541465795000E-01 1.29155710692186E-02
669 2.76173370634000E-01 -1.16957623438000E-01 9.53964980318000E-01 1.62166714012352E-02
670 -4.46516377387000E-01 4.87953077824000E-01 7.50016612194000E-01 1.18252551325936E-02
671 4.88235068427000E-01 -4.37073003000000E-01 7.55376533926000E-01 1.17036802083895E-02
672 -9.98315750096000E-01 -5.68202027380000E-02 1.17101524730000E-02 1.62040163644878E-02
673 -3.67327937640000E-02 -8.19662632521000E-01 5.71667622583000E-01 7.50644965741343E-03
674 -5.31834409620000E-02 -6.62680107441000E-01 -7.47011778227000E-01 1.27041630842753E-02
675 8.02013951069000E-01 2.44180969470000E-01 5.45114003159000E-01 1.68372191371160E-02
676 -2.84150645739000E-01 9.30665103308000E-01 2.30479665069000E-01 1.39642461726425E-02
677 -5.31757094495000E-01 4.10126017177000E-01 7.40966289711000E-01 1.56450084944494E-02
678 9.09223329200000E-03 -8.78835231696000E-01 4.77038747717000E-01 2.13273540765500E-02
679 -7.79161480320000E-01 5.75188417260000E-01 -2.49129830079000E-01 1.23184671555687E-02
680 9.11331022567000E-01 5.95080211520000E-02 -4.07350663096000E-01 1.32975865948288E-02
681 -9.10001031799000E-01 3.57836238625000E-01 -2.09407135625000E-01 1.55638417103458E-02
682 5.36129275771000E-01 6.71007933528000E-01 5.12165747395000E-01 1.74141291593673E-02
683 6.30448300905000E-01 6.46959995558000E-01 4.28926222133000E-01 9.30826003058179E-03
684 8.84119299498000E-01 -4.40373394242000E-01 -1.56218878178000E-01 8.84940766751209E-03
685 -7.99757721452000E-01 4.91158023684000E-01 -3.45183114809000E-01 1.71967902777995E-02
686 1.92600844054000E-01 5.96630848042000E-01 -7.79061323668000E-01 1.40892657347375E-02
687 7.90955413934000E-01 -4.45780438682000E-01 4.19129256504000E-01 8.74830164665838E-03
688 2.12820811991000E-01 -8.35248032520000E-01 5.07018763119000E-01 1.80536605541486E-02
689 -4.82209156516000E-01 -2.74702958576000E-01 8.31872955397000E-01 1.46829648091166E-02
690 4.62599370761000E-01 -8.73269611938000E-01 1.52977145475000E-01 1.03704225345212E-02
691 5.19342866523000E-01 3.30332774694000E-01 7.88139102541000E-01 1.56563881329164E-02
692 -1.62469949306000E-01 9.86703828963000E-01 4.36686174800000E-03 9.78543171377527E-03
693 -1.61826066145000E-01 8.81932481797000E-01 4.42727254488000E-01 3.55857675448649E-03
694 -8.21015705700000E-03 7.77259670757000E-01 6.29126376443000E-01 2.35598173630205E-02
695 7.03707615855000E-01 -2.45628930580000E-01 -6.66679848091000E-01 1.09741794823426E-02
696 9.42395072646000E-01 3.25294451751000E-01 -7.79425860000000E-02 1.21233614675237E-02
697 3.58937413870000E-02 8.52763114194000E-01 -5.21063057988000E-01 1.48400452387897E-02
698 1.29311893344000E-01 -9.82328714693000E-01 1.35309757701000E-01 1.98629600464912E-02
699 3.24535098883000E-01 4.44488758457000E-01 8.34929166575000E-01 1.41172114862371E-02
700 2.16164224377000E-01 9.52445277515000E-01 -2.14758053256000E-01 1.34287166577300E-02
701 9.61543173752000E-01 -2.26010369152000E-01 -1.56057803546000E-01 1.23302244518825E-02
702 -3.48042984572000E-01 8.86149311187000E-01 -3.05950125303000E-01 1.56497880667315E-02
703 9.31318550307000E-01 2.65386989709000E-01 2.49430358112000E-01 1.42067595025079E-02
704 9.00807438538000E-01 2.92364490309000E-01 -3.21043553868000E-01 1.32613261484567E-02
705 7.45379857498000E-01 -6.40832031570000E-02 6.63552719164000E-01 1.46906137610239E-02
706 8.18655111781000E-01 -2.90326936891000E-01 -4.95493771575000E-01 1.03597304505976E-02
707 -5.81058683394000E-01 -3.00452414203000E-01 7.56372364152000E-01 5.09444054840348E-03
708 -3.30781430461000E-01 5.46415787383000E-01 7.69424091487000E-01 2.42468489095213E-02
709 4.00500821853000E-01 9.11492947620000E-01 -9.37000434070000E-02 1.30690556759968E-02
710 3.79047006524000E-01 -5.09887952142000E-01 7.72229009495000E-01 1.98364725289621E-02
711 5.72923066049000E-01 -8.12570509497000E-01 1.07183615744000E-01 1.11975171082439E-02
712 -7.94008521639000E-01 5.21487222309000E-01 3.12412458992000E-01 1.27439260669435E-02
713 -9.14735551526000E-01 -3.20304081531000E-01 -2.46300966560000E-01 1.74857879332639E-02
714 -1.62692266738000E-01 -9.38395424504000E-01 3.04869240188000E-01 1.17439983230114E-02
715 -9.59897348923000E-01 2.45854089208000E-01 1.34732499236000E-01 1.50765336700547E-02
716 -9.63200007491000E-01 -2.66647265244000E-01 -3.38375753720000E-02 1.74657410805598E-02
717 -8.25597989853000E-01 5.47531829198000E-01 -1.36370286959000E-01 1.68519539370642E-02
718 -3.97840450176000E-01 8.07233290893000E-01 4.36001594352000E-01 1.95734198323630E-02
719 -7.35501089010000E-01 4.08317124781000E-01 -5.40661884801000E-01 1.58041085189489E-02
720 5.99151717885000E-01 -4.80594063608000E-01 -6.40348783852000E-01 1.55378912573939E-02
721 -4.79056142832000E-01 -6.57845135796000E-01 -5.81158316919000E-01 1.27812271252996E-02
722 -2.23189296471000E-01 -8.57242530042000E-01 -4.64027782173000E-01 1.24098700497924E-02
723 -3.00800261040000E-02 -9.20399906973000E-01 -3.89819449583000E-01 1.32684287644830E-02
724 1.05739786786000E-01 5.23071877357000E-01 -8.45703794841000E-01 1.00754554411051E-02
725 5.60496338003000E-01 4.17234587721000E-01 7.15373436671000E-01 9.28059150629443E-03
726 -1.62807781767000E-01 7.72044440535000E-01 -6.14362277516000E-01 1.53779598873593E-02
727 8.33699345219000E-01 5.09328875897000E-01 -2.13376423157000E-01 1.46613875121625E-02
728 -3.59288638975000E-01 -9.04001352841000E-01 2.31717992321000E-01 1.39904364619962E-02
729 7.24825468180000E-02 -7.29667550340000E-02 -9.94697005659000E-01 1.06671435772690E-02
730 7.41699791872000E-01 -3.31027327166000E-01 -5.83354375492000E-01 1.40840743756927E-02
731 -2.43237087366000E-01 -1.61741822467000E-01 -9.56386586164000E-01 1.54470287945936E-02
732 -5.98805931496000E-01 -7.59226411615000E-01 -2.54964139267000E-01 1.32290631145175E-02
733 -7.33992438540000E-01 -2.36717301706000E-01 6.36568943037000E-01 9.51218599325113E-03
734 -5.66900540735000E-01 -7.35935987759000E-01 -3.70164826578000E-01 1.14453441958119E-02
735 6.29041406263000E-01 9.24608493000000E-02 7.71853548643000E-01 1.42860505215680E-02
736 5.53397504856000E-01 -1.89146432136000E-01 -8.11156476168000E-01 1.16651332733711E-02
737 -4.34725644763000E-01 -2.61512686244000E-01 -8.61756768885000E-01 1.60070840091564E-02
738 -8.07224618297000E-01 3.99545268477000E-01 -4.34455974816000E-01 1.40007162119262E-02
739 -8.24478227240000E-02 9.65164574900000E-02 9.91910746974000E-01 2.43772439890451E-02
740 -4.92839913192000E-01 -3.89518613995000E-01 7.78064309242000E-01 2.21965082054191E-02
741 3.72387672413000E-01 -7.66586110671000E-01 -5.23137798635000E-01 1.65888217951741E-02
742 -3.46749058607000E-01 -9.31243370294000E-01 -1.12030690614000E-01 1.00983718734755E-02
743 5.94848147373000E-01 -6.89160851480000E-02 -8.00878426963000E-01 1.30670245387451E-02
744 2.15360834209000E-01 9.76534090917000E-01 9.38278313000000E-04 1.08477824788782E-02
745 1.52633064230000E-02 4.42488046943000E-01 -8.96644500228000E-01 1.81357576215348E-02
746 3.58519277703000E-01 -7.00657417794000E-01 -6.16881763716000E-01 9.75326078754184E-03
747 -3.70959595816000E-01 4.36643260632000E-01 8.19592362834000E-01 3.54106595077673E-03
748 -3.76841735952000E-01 -2.39576913369000E-01 8.94758743252000E-01 2.58504869855527E-02
749 3.10178040948000E-01 5.63390412891000E-01 -7.65755068919000E-01 9.18888438167046E-03
750 4.13708376164000E-01 1.46171324768000E-01 8.98598532888000E-01 7.81278034079638E-03
751 8.41620194204000E-01 1.21521342374000E-01 5.26220497563000E-01 1.03079029952125E-02
752 5.77762949967000E-01 2.47630617417000E-01 -7.77733277520000E-01 1.11664541327436E-02
753 -6.94194295579000E-01 -6.93629344867000E-01 -1.92282635529000E-01 1.21527924313297E-02
754 1.21230605399000E-01 9.27602052360000E-02 -9.88280670983000E-01 1.63489292755912E-02
755 8.77802417656000E-01 -2.41448143357000E-01 4.13721778042000E-01 1.04449653324872E-02
756 2.10067487085000E-01 1.86463516233000E-01 -9.59741115085000E-01 1.20939464660207E-02
757 -5.91914600591000E-01 2.27275972300000E-02 8.05680185887000E-01 2.23445430732973E-02
758 -4.57567373685000E-01 -7.89199108533000E-01 -4.09630157128000E-01 1.20798081765748E-02
759 -2.76330232717000E-01 7.58122999253000E-01 -5.90670060601000E-01 1.07320804625299E-02
760 -2.63710798840000E-02 7.93977487212000E-01 -6.07374938523000E-01 9.80763958179663E-03
761 -5.61335110570000E-02 -1.02273107113000E-01 9.93171304709000E-01 2.85900908079323E-02
762 -4.94339179818000E-01 -8.17384273134000E-01 -2.95823807917000E-01 1.79019707775292E-02
763 1.36578065816000E-01 -7.32926261124000E-01 -6.66457446273000E-01 1.48753782115148E-02
764 1.62030767995000E-01 6.26435592459000E-01 7.62446377605000E-01 1.11402755924820E-02
765 2.88727494138000E-01 -8.32051181516000E-01 -4.73631993710000E-01 1.23335056139837E-02
766 7.49916145495000E-01 3.63227657613000E-01 5.52893699974000E-01 1.95028015762311E-02
767 2.75596386087000E-01 -4.68331485092000E-01 8.39471412287000E-01 8.92631873306101E-03
768 9.81065072130000E-02 7.81623597756000E-01 -6.15986740663000E-01 1.84929464920115E-02
769 -2.41566689860000E-01 -9.47276798102000E-01 2.10504636831000E-01 2.00833526563426E-02
770 6.66744608555000E-01 -6.36807029798000E-01 3.87205931983000E-01 6.63296701919087E-03
771 2.70637229513000E-01 6.63433162862000E-01 -6.97575751024000E-01 1.89616873737840E-02
772 4.67089192440000E-01 -6.81790546137000E-01 -5.63018061436000E-01 1.71133465473891E-02
773 8.82550325447000E-01 3.91130801364000E-01 2.61001186353000E-01 6.63458054951965E-03
774 -4.06222685500000E-02 -9.59905461889000E-01 2.77364986136000E-01 2.09516955856905E-02
775 -1.75745708320000E-01 -4.77830812029000E-01 -8.60692256897000E-01 1.38110311979133E-02
776 7.99094297787000E-01 1.16886640466000E-01 -5.89733682711000E-01 1.37477829001463E-02
777 -6.25114055391000E-01 3.14903163283000E-01 -7.14190741684000E-01 1.33435157755283E-02
778 -4.57811593695000E-01 -8.84968798303000E-01 -8.50809656020000E-02 1.90960576272489E-02
779 1.69587324868000E-01 -1.99977486427000E-01 9.65012509850000E-01 1.25202123345954E-02
780 -9.75797890626000E-01 9.60546433000000E-03 2.18463296012000E-01 1.58358024543625E-02
781 2.07294577416000E-01 -8.88715235039000E-01 -4.08918316029000E-01 1.27472934234453E-02
782 1.65210968800000E-01 -8.14558515740000E-02 9.82888742449000E-01 1.60241647771515E-02
783 3.31100600736000E-01 -4.43653985290000E-01 -8.32792611356000E-01 1.69282370441738E-02
784 1.80776069703000E-01 -3.48653663930000E-02 -9.82906108868000E-01 1.46581633940967E-02
785 -3.42824106413000E-01 8.76577760755000E-01 3.37761841262000E-01 6.64932120185605E-03
786 6.80013522113000E-01 1.85233783319000E-01 7.09415291110000E-01 1.84078014982212E-02
787 6.15166986557000E-01 7.45411867757000E-01 -2.56769791948000E-01 1.47123142773033E-02
788 7.55411692104000E-01 -1.86529549835000E-01 6.28140034126000E-01 1.60373800627398E-02
789 4.06165632156000E-01 6.14116424300000E-01 6.76676064790000E-01 1.73248099341898E-02
790 8.67665034582000E-01 -2.28273946700000E-03 4.97144020244000E-01 1.44707651046014E-02
791 -5.15405243206000E-01 -1.92499791450000E-02 -8.56730338893000E-01 9.64685240424802E-03
792 7.11337144769000E-01 -5.29818919135000E-01 4.61834796652000E-01 1.52812111003035E-02
793 5.38963420012000E-01 1.50964615418000E-01 -8.28690603772000E-01 1.54159444178405E-02
794 -3.65949444890000E-01 -3.53983352354000E-01 -8.60683908320000E-01 1.27663336011450E-02
795 5.11577933574000E-01 -8.30396908541000E-01 -2.20746443156000E-01 1.33750963916763E-02
796 -6.68267235015000E-01 -4.37251191155000E-01 6.01855712309000E-01 7.75869320893195E-03
797 6.37606340223000E-01 4.06434381997000E-01 -6.54422835816000E-01 1.15745725019383E-02
798 -9.58220283051000E-01 2.85452286279000E-01 1.81901458830000E-02 1.26072258574388E-02
799 4.44082374658000E-01 -2.17709173225000E-01 -8.69133798912000E-01 1.18730063259957E-02
800 -2.89289189908000E-01 1.66878655945000E-01 9.42583300718000E-01 1.86702295535874E-02
801 1.95210206059000E-01 -6.40072236202000E-01 -7.43101949865000E-01 1.04412542560585E-02
802 -3.38521526896000E-01 7.41659209680000E-02 -9.38031231887000E-01 1.10407047513010E-02
803 8.35109751750000E-01 4.97625515408000E-01 2.34436662975000E-01 1.90971303290940E-02
804 6.82624073801000E-01 -7.28265115607000E-01 -6.04507672220000E-02 1.04517202750981E-02
805 -7.07665196464000E-01 -2.68480770493000E-01 -6.53550338986000E-01 1.07989879035808E-02
806 -5.93628280260000E-02 -3.32646113271000E-01 9.41181501080000E-01 1.43678659090546E-02
807 8.24211150089000E-01 3.33124888799000E-01 4.57934262238000E-01 8.02690877102008E-03
808 7.78672732354000E-01 -3.72047119100000E-03 -6.27419264912000E-01 1.50824975246017E-02
809 -1.81668291577000E-01 3.95071936082000E-01 9.00508077229000E-01 5.29756306829137E-03
810 -7.28148523583000E-01 -5.77754056322000E-01 -3.68781748473000E-01 1.18241767044997E-02
811 -8.42387605154000E-01 3.11673845926000E-01 4.39593603739000E-01 1.47470768348098E-02
812 -2.76792910402000E-01 6.81518804206000E-01 -6.77434723250000E-01 1.67497432649270E-02
813 8.97791810052000E-01 -4.38943753867000E-01 -3.60311912790000E-02 2.16293018933681E-02
814 2.44856354130000E-01 5.38503514191000E-01 8.06262569543000E-01 1.78864069740303E-02
815 -2.58338381456000E-01 1.79005147276000E-01 -9.49325254017000E-01 1.57534835911227E-02
816 6.18944586690000E-01 7.21490321647000E-01 3.10417967226000E-01 1.16892603433944E-02
817 -8.77362005513000E-01 -4.31522324285000E-01 -2.09819910700000E-01 1.31090041912878E-02
818 8.48639889373000E-01 5.28033848927000E-01 3.14736802990000E-02 1.20429330632709E-02
819 -2.36839082258000E-01 4.88505998314000E-01 -8.39803035674000E-01 1.16736512591184E-02
820 -8.73418557361000E-01 4.75728806131000E-01 1.04029450994000E-01 1.49372253101195E-02
821 9.39543005708000E-01 -3.34052107309000E-01 -7.52869844470000E-02 1.10505993986335E-02
822 -5.22624028549000E-01 5.29775262144000E-01 6.67983754595000E-01 1.85730385270791E-02
823 5.38681740190000E-01 -5.85617756036000E-01 -6.05701103351000E-01 8.44475097936029E-03
824 3.25700397427000E-01 -2.39505032129000E-01 -9.14634676087000E-01 1.79767133600887E-02
825 -5.45306264044000E-01 2.96840432727000E-01 7.83917620603000E-01 4.94556012233970E-03
826 7.20377602584000E-01 8.13268626050000E-02 -6.88797540003000E-01 1.36714855844968E-02
827 1.43727367025000E-01 9.37742620391000E-01 3.16198073793000E-01 1.85038717302008E-02
828 2.26981947448000E-01 4.91912306485000E-01 -8.40536422923000E-01 1.77167656815049E-02
829 4.87893122163000E-01 -9.68684183780000E-02 -8.67511850563000E-01 1.74041116094326E-02
830 3.97953272301000E-01 8.68090973656000E-01 2.96734316388000E-01 8.24314186506533E-03
831 8.06189946977000E-01 -5.81736546045000E-01 1.07890501847000E-01 2.09151937252975E-02
832 7.20546631844000E-01 2.75440784391000E-01 6.36352831086000E-01 7.35221357433267E-03
833 8.84745068360000E-01 -2.57952230000000E-01 -3.88183991234000E-01 1.69223424010360E-02
834 -1.55252750900000E-01 -7.83450250362000E-01 6.01749356913000E-01 2.06836885559241E-02
835 6.87973581022000E-01 4.75898058562000E-01 5.47917320106000E-01 1.00603298829186E-02
836 -8.66232696714000E-01 4.35459814867000E-01 2.44980947789000E-01 1.58887597708516E-02
837 3.98091554935000E-01 7.63656234214000E-01 -5.08283650963000E-01 1.42540803058183E-02
838 9.51124859307000E-01 5.94863449590000E-02 3.03022898098000E-01 1.48819103632265E-02
839 8.31457601713000E-01 4.22350642638000E-01 3.60968407504000E-01 1.87393236161845E-02
840 7.70020701410000E-02 -2.78396761547000E-01 -9.57374495354000E-01 1.18374747541151E-02
841 -1.57653618634000E-01 8.93762931322000E-01 -4.19920419993000E-01 1.44065734536873E-02
842 8.45942472200000E-01 5.26073720051000E-01 -8.73371329950000E-02 1.25193594005422E-02
843 1.58731400123000E-01 -5.33529657643000E-01 8.30752939827000E-01 1.01992025310553E-02
844 4.94773346928000E-01 -3.27119963228000E-01 8.05103636079000E-01 1.83805489427708E-02
845 1.39862875987000E-01 -9.70074546222000E-01 -1.98478590013000E-01 1.07087074259675E-02
846 -9.73622617089000E-01 1.25423860690000E-02 -2.27819419812000E-01 1.07973855541459E-02
847 8.35473527100000E-03 -1.80101392610000E-01 -9.83612569449000E-01 1.37399445843480E-02
848 2.52281091650000E-02 -8.67471030703000E-01 -4.96847615873000E-01 1.73683219723071E-02
849 -7.46022261915000E-01 -4.44179352480000E-01 4.96140592533000E-01 1.97471636687613E-02
850 5.59943778220000E-01 3.63547894794000E-01 -7.44510505919000E-01 1.53202035268060E-02
851 -5.55558572846000E-01 1.02716949204000E-01 -8.25108417412000E-01 1.56912283106501E-02
852 -1.68873622591000E-01 -1.44750536136000E-01 9.74950758696000E-01 1.00819519141667E-02
853 -5.75973089396000E-01 -4.39029134590000E-01 -6.89571185065000E-01 1.12282844190280E-02
854 -3.89948712647000E-01 -3.57804011941000E-01 8.48478809720000E-01 1.91103973534585E-03
855 -7.12671252105000E-01 6.04651208939000E-01 3.55663607854000E-01 1.66328568180117E-02
856 9.27801715997000E-01 -1.49075107230000E-01 3.41995011948000E-01 1.51429902809942E-02
857 9.98719286333000E-01 1.22260469110000E-02 4.90949170790000E-02 1.43177598525259E-02
858 -3.25915221932000E-01 4.00740401337000E-01 -8.56263043024000E-01 1.23857379205839E-02
859 3.32029757216000E-01 9.19053073999000E-01 2.12362161166000E-01 1.59941336752317E-02
860 -7.24952201383000E-01 1.37750642889000E-01 6.74884483518000E-01 1.97070413736375E-02
861 7.38261726508000E-01 6.65624673282000E-01 1.09148602793000E-01 1.30320632291565E-02
862 -4.33245814889000E-01 -1.30979112830000E-02 9.01180619300000E-01 2.58571108077801E-02
863 5.78679106840000E-02 -1.29914453871000E-01 9.89835107272000E-01 6.71073697208734E-03
864 5.90989573119000E-01 8.06677112689000E-01 1.83312003400000E-03 1.50127926811957E-02
865 -9.57140081550000E-02 8.46689437061000E-01 -5.23407896208000E-01 1.62176060678309E-02
866 7.82803198093000E-01 6.05014584329000E-01 -1.45521496021000E-01 1.41885668384672E-02
867 5.91748592215000E-01 -2.44396685384000E-01 7.68182181377000E-01 1.57995498227784E-02
868 -6.37536569751000E-01 -7.55208684676000E-01 1.52338323547000E-01 8.15827386356095E-03
869 9.92784879648000E-01 1.13871513046000E-01 -3.75694191980000E-02 9.68271289992863E-03
870 -9.04389723249000E-01 -4.04704856805000E-01 1.35252383933000E-01 1.79683088559925E-02
871 -3.54692691726000E-01 -7.62612508775000E-01 5.40939234938000E-01 2.05940382414334E-02
872 -3.71424669451000E-01 6.05549546169000E-01 -7.03813513693000E-01 1.31839851343815E-02
873 1.14597638138000E-01 2.10460528130000E-02 9.93189027826000E-01 1.82976985286464E-02
874 7.45442861896000E-01 -5.73804706471000E-01 -3.39209520033000E-01 1.66533592631277E-02
875 -9.40414017393000E-01 2.21875433180000E-01 2.57667941431000E-01 1.40803026757578E-02
876 -8.07052253738000E-01 -5.83557164421000E-01 9.01537330900000E-02 1.68952771329739E-02
877 -5.87063299408000E-01 7.60292711848000E-01 -2.78049770363000E-01 1.29467399414263E-02
878 -6.15249929854000E-01 1.36025450800000E-03 -7.88330941624000E-01 1.61614990805880E-02
879 3.06572844202000E-01 -8.87143084637000E-01 -3.44949617449000E-01 1.47839314732141E-02
880 7.20126681340000E-01 6.09522986670000E-02 6.91160169649000E-01 9.47657338518835E-03
881 5.93013055166000E-01 -8.05004273899000E-01 -1.74251372380000E-02 1.10770881939385E-02
882 4.60486926048000E-01 -7.68387672351000E-01 4.44445920127000E-01 1.79013928383464E-02
883 1.40813220567000E-01 -1.68698439417000E-01 -9.75557519294000E-01 1.77755140851332E-02
884 -9.17393381624000E-01 3.35466333419000E-01 2.14130153167000E-01 1.32652876016552E-02
885 6.90760554403000E-01 -4.48501029972000E-01 -5.67183112050000E-01 8.55754285980712E-03
886 7.34022744630000E-01 2.03679049759000E-01 -6.47862219191000E-01 1.36009701344618E-02
887 6.33687213272000E-01 7.63767942902000E-01 1.22878171909000E-01 1.41960662353939E-02
888 8.70821834791000E-01 -4.87559848628000E-01 6.28866126970000E-02 6.57470307656212E-03
889 -4.83525689647000E-01 -6.03789973772000E-01 6.33751193312000E-01 1.80224480585169E-02
890 -7.13692039870000E-01 -6.17534438224000E-01 3.30597776511000E-01 1.38198584016813E-02
891 7.90278347327000E-01 3.56337594353000E-01 -4.98481346288000E-01 1.25520320705411E-02
892 -5.78493970900000E-01 5.92450662968000E-01 -5.60666511912000E-01 1.07306676946931E-02
893 -6.57996583785000E-01 5.89237495048000E-01 4.68870632646000E-01 9.36720234391039E-03
894 2.90239862492000E-01 -9.56932598442000E-01 -6.38938652400000E-03 1.54114969595556E-02
895 -4.11147369576000E-01 8.88745371649000E-01 -2.02705463330000E-01 1.60912117965270E-02
896 9.69441584378000E-01 2.12475062411000E-01 -1.22626923355000E-01 1.42482831673454E-02
897 -8.82693474970000E-02 8.36621939250000E-01 5.40622098195000E-01 1.64799866076456E-02
898 7.67754240300000E-02 -4.75257647454000E-01 -8.76490560589000E-01 1.26982495896839E-02
899 1.39495770207000E-01 4.16048998448000E-01 -8.98578967584000E-01 1.39536823523654E-02
900 9.87329964301000E-01 -8.35285869780000E-02 1.34916703009000E-01 1.70321172872448E-02
$END