       10,00000000000000E+000,00000000000000E+001,00000000000000E+005,09378121970881E-0
       27,32969627973000E-010,00000000000000E+006,80261364822000E-015,26812020464315E-0
       3-4,86406268920000E-03,31428110039000E-01-9,42225820752000E-04,77923198442686E-0
       4-9,39521826030000E-0-3,18290176421000E-0-1,26451975104000E-05,13628451427698E-0
       5-5,99592873592000E-0-7,81545039453000E-01,72266471619000E-015,14208727412723E-0
       66,81572975845000E-01-2,81095110934000E-0-6,75606259005000E-05,20713264830596E-0
       7-2,11267223889000E-0-9,30901608617000E-02,97973749153000E-015,21287936519541E-0
       8-3,22969739032000E-02,49446421084000E-019,12944155290000E-015,16378176902156E-0
       96,62462901387000E-01-7,48957441435000E-01,43406835330000E-024,80553852831109E-0
      106,14598257026000E-01-8,96022323970000E-0-7,83734918458000E-04,59303473052857E-0
      113,29646676802000E-01-4,77458861602000E-0-8,14472899457000E-05,39406881773618E-0
      122,82155703548000E-011,22509106804000E-01-9,51514412768000E-04,65164500436358E-0
      133,65115276456000E-01-7,45521542241000E-05,57573730509000E-014,92320000921797E-0
      145,18782617300000E-011,05758167829000E-01-8,48339440274000E-05,17075605561818E-0
      15-8,31574509591000E-0-5,32141129890000E-0-1,59090077876000E-04,67137765169558E-0
      16-4,34861821833000E-0-2,74065314850000E-0-8,57778175934000E-04,57141092198386E-0
      17-2,50543777562000E-0-8,30934728030000E-04,96764826935000E-014,83764180976020E-0
      182,84843763778000E-01-9,58416229702000E-01,73885272390000E-024,63646892036838E-0
      19-2,74151422850000E-0-8,77914184005000E-04,78032525564000E-014,84159333726478E-0
      20-1,55282013745000E-09,84610666796000E-018,01831094400000E-024,83095997417987E-0
      21-1,71270998285000E-0-5,53164794726000E-08,15275999293000E-014,72481682135736E-0
      22-9,37467661174000E-0-1,75462783052000E-03,00611370406000E-014,95205224827766E-0
      233,11095866419000E-019,47874357264000E-016,89461002400000E-024,90507883715990E-0
      24-5,85398374257000E-0-5,35508733864000E-06,08719261542000E-014,76181253570350E-0
      251,20104865371000E-017,03391425569000E-01-7,00582132051000E-04,96155074026678E-0
      266,32279502846000E-01-7,35394226445000E-02,43757998825000E-014,68736108174111E-0
      272,20991108068000E-019,39374307686000E-012,62180930302000E-014,63137248134869E-0
      282,48423847283000E-01-9,40550079111000E-02,31627158997000E-014,71879875955636E-0
      298,59360436618000E-01-9,06337613640000E-05,03274439324000E-014,82829982805208E-0
      30-7,67138994765000E-0-6,02211474110000E-02,20995708468000E-014,74283427901390E-0
      312,68640905507000E-015,15524192797000E-01-8,13674916984000E-04,85542845032952E-0
      322,00784027842000E-01-8,76422530005000E-04,37686329536000E-015,26961135774999E-0
      33-9,29736546799000E-08,33874153980000E-023,58659298637000E-014,62329937643630E-0
      34-1,12554792867000E-0-5,08605939942000E-0-8,53610810884000E-04,52769797542445E-0
      35-2,36014077260000E-03,61844624320000E-029,71075712812000E-014,98386844272747E-0
      366,23230451371000E-014,75619141841000E-016,20781955600000E-014,70891386365900E-0
      375,83355991140000E-02-9,96863527092000E-05,34795870420000E-025,43484311362864E-0
      38-5,71440238874000E-0-1,15413689337000E-08,12487374492000E-014,93041414170464E-0
      39-5,45806652991000E-0-8,08196100810000E-0-8,34004369399000E-05,23069645623151E-0
      409,34955194397000E-016,77777063510000E-023,48231197613000E-015,21981933420221E-0
      413,10646759506000E-01-9,29337661180000E-0-1,99574803821000E-05,20000893393878E-0
      428,74645709284000E-016,17367227630000E-02-4,80815411871000E-04,62225212813976E-0
      43-4,30835997797000E-0-6,32022057569000E-0-6,44149409492000E-04,61529372665361E-0
      448,83677676285000E-014,38946469102000E-01-1,62603080226000E-05,00213628997625E-0
      45-5,56217800568000E-0-7,17618547999000E-0-4,19100677522000E-04,55463773962391E-0
      466,76704725870000E-027,59415672229000E-016,47076922717000E-015,23281726592817E-0
      476,39244213939000E-01-7,33502276364000E-0-2,30957237414000E-05,47370726206332E-0
      487,40328430748000E-01-2,36418416534000E-06,29301316501000E-014,67372516156494E-0
      493,34307723049000E-016,74420976112000E-01-6,58327193188000E-05,00153702882794E-0
      50-4,74277253999000E-08,75062274289000E-01-9,65769250720000E-04,86442028854040E-0
      51-7,39836128058000E-0-5,04890564132000E-04,44666191508000E-015,00513691598314E-0
      524,92643879242000E-018,55889977867000E-011,57335164637000E-015,23287187390744E-0
      532,96309690899000E-017,42937872550000E-016,00203202766000E-014,68764053507164E-0
      545,38221287810000E-021,22845817506000E-01-9,90965228237000E-04,96470742914915E-0
      55-5,46431411061000E-02,78109540732000E-017,89979617686000E-015,07197985976679E-0
      56-9,44858029410000E-02,46846843264000E-012,15197444760000E-014,96646397889116E-0
      57-7,45713984757000E-0-3,75387817582000E-0-5,50449488462000E-04,69317478178560E-0
      58-5,47959656086000E-07,83337781334000E-01-2,93465731624000E-04,92718944033801E-0
      592,02344889974000E-019,70126868696000E-01-1,33829758037000E-04,74565839256637E-0
      605,60040594770000E-017,53999988317000E-013,43276200497000E-014,21795091664687E-0
      61-2,32357688100000E-0-6,79684516664000E-0-7,33500892159000E-05,30063671497445E-0
      627,63072705650000E-029,94892272265000E-016,60800048930000E-024,80753640801937E-0
      63-6,45270302485000E-06,12179142089000E-01-4,57015245613000E-04,93377954000317E-0
      64-3,64370738009000E-0-1,48272774982000E-09,19374325007000E-015,08772508490846E-0
      65-8,19560656673000E-0-3,02700424284000E-04,86510825339000E-014,69790394106790E-0
      664,57982385830000E-025,33066372029000E-01-8,44832980153000E-04,92596402485605E-0
      678,82645511854000E-01-3,92230672301000E-0-2,59021234864000E-05,45954431934890E-0
      68-9,63136576269000E-0-2,53385017168000E-09,03546818210000E-024,65767507216837E-0
      69-8,75317565873000E-0-3,98634735229000E-02,73696011558000E-015,05984182499680E-0
      706,81492329730000E-014,46834327301000E-01-5,79575093034000E-05,06436139483821E-0
      712,24774174401000E-01-6,64088951578000E-0-7,13065519370000E-04,43953570781391E-0
      721,58207871362000E-01-8,80957417120000E-0-9,83468052217000E-05,29251959425118E-0
      739,65298956023000E-01-2,05309286516000E-0-1,61387801188000E-04,44954693222066E-0
      746,38866591145000E-017,69068103463000E-01-1,95890519060000E-04,99113372396658E-0
      752,51997203612000E-01-2,88601811358000E-0-9,23691725551000E-04,40517640929042E-0
      765,79504002644000E-01-3,58771670119000E-07,31749957048000E-015,08807691757963E-0
      77-2,99370202941000E-0-1,08336758814000E-0-9,47966575508000E-05,12161069047056E-0
      78-9,94286730972000E-0-8,24247477280000E-0-6,78237242840000E-04,95453079120964E-0
      79-1,77181335452000E-05,17121849547000E-01-8,37371940710000E-05,15264783010132E-0
      80-3,20827400860000E-0-9,27880044276000E-0-3,71496058153000E-05,47362223146544E-0
      81-1,73246644350000E-01,06249205960000E-01-9,79130587028000E-05,22807847967425E-0
      822,26031546216000E-01-1,53532544240000E-09,73998982388000E-014,62448439904099E-0
      83-3,78355793020000E-09,19847064957000E-011,03577367110000E-015,14905042483452E-0
      84-4,01672755978000E-08,13735483630000E-02-9,12160809689000E-04,54637930504699E-0
      85-5,51168919678000E-0-8,33285816285000E-0-4,29833730510000E-04,64636630566426E-0
      867,98329973753000E-01-1,17363005774000E-0-5,90673495159000E-04,92342318747366E-0
      876,66672205442000E-01-4,99197463397000E-0-5,53488990883000E-05,40071036990061E-0
      881,39299018326000E-018,74322323067000E-014,64926078942000E-014,71461428670492E-0
      89-1,60980028082000E-07,48679478275000E-016,43089783287000E-014,71601013952786E-0
      901,77491076530000E-02-9,62133269905000E-02,72000992866000E-014,80452710284917E-0
      914,91151072993000E-01-5,75190192392000E-06,54161192730000E-014,65271816524777E-0
      92-6,64596907735000E-0-2,29529258128000E-0-7,11074728767000E-05,13570192217370E-0
      935,27251809660000E-02-5,96544047424000E-08,00846586291000E-014,99031105580450E-0
      94-3,36971277600000E-09,89433121221000E-01-1,41019864603000E-05,12197265128604E-0
      959,06752153731000E-012,56195067722000E-01-3,34909866947000E-05,15495498975201E-0
      968,87088418043000E-01-4,07706226979000E-02,16448079356000E-014,67644601643127E-0
      979,01796054830000E-02-8,14454200933000E-0-5,73177104687000E-04,96146631573427E-0
      988,27033437099000E-015,01999574632000E-012,53006167890000E-014,82368871915355E-0
      993,94115328561000E-01-4,24546627965000E-08,15127762058000E-014,63420986446631E-0
     100-8,78677753867000E-0-4,74339533940000E-05,41055579460000E-025,03153160177962E-0
     101-2,31983347647000E-05,84650935171000E-017,77410451703000E-014,87406121193922E-0
     102-7,37076734723000E-0-1,19222631146000E-06,65209629630000E-014,76431393855686E-0
     1031,12202898159000E-01-2,14924748285000E-09,70163832669000E-015,03937560958998E-0
     104-6,66838166582000E-07,42215506307000E-01-6,66558458550000E-05,04840583472868E-0
     105-2,04582592053000E-0-3,12511865900000E-0-9,27621850056000E-04,94362271364797E-0
     1064,98631589373000E-01-8,61789819580000E-0-9,31925155130000E-04,43683958331025E-0
     1077,95495364787000E-01-5,94279429469000E-01,18402214135000E-015,28678926422436E-0
     108-1,07211722060000E-05,99497255568000E-018,00305002504000E-014,63002117535347E-0
     1095,33493973258000E-016,14619080186000E-01-5,81057283552000E-04,50928765067288E-0
     110-7,11289696806000E-03,19878453693000E-016,25895152626000E-014,68290571438348E-0
     111-9,69630512269000E-08,67124580600000E-02-2,28686727413000E-05,16800631230700E-0
     112-4,82611998602000E-02,67663661507000E-01-8,33931545820000E-05,01198263027594E-0
     1137,24043048826000E-018,37409848400000E-02-6,84652547578000E-05,19186533450971E-0
     114-1,26020333737000E-09,30237790295000E-01-3,44639708959000E-04,75055779630626E-0
     115-7,03268832960000E-0-1,00893901115000E-0-9,92408459357000E-04,46715971600705E-0
     116-7,58472951984000E-0-3,67843865680000E-0-6,50665574633000E-04,70775451534234E-0
     117-1,23446922553000E-0-9,81914840627000E-0-1,43541293952000E-04,94090066121766E-0
     118-3,21857289838000E-06,59313413214000E-01-6,79495186248000E-04,90144040647221E-0
     1191,12304730497000E-01-4,99402779629000E-0-8,59060248881000E-04,88382654261228E-0
     1207,53599065560000E-01-5,58129721526000E-03,47245824072000E-014,84425498457170E-0
     1215,71916027440000E-01-6,82003558689000E-0-4,55832429181000E-04,53438876104992E-0
     1224,50206487301000E-018,88237405817000E-01-9,13697417090000E-04,76589570136972E-0
     123-1,36205108029000E-0-8,24082185779000E-0-5,49851543262000E-04,60120766297809E-0
     1249,61944707262000E-013,40430052660000E-02-2,71115204229000E-04,83547156402008E-0
     1255,76484644066000E-01-6,75842911445000E-04,59240475356000E-015,27464371357424E-0
     1262,93119301871000E-014,02091384890000E-018,67412008833000E-014,66152903515379E-0
     1274,47836396605000E-017,73227950244000E-01-4,48955564435000E-04,93444993834697E-0
     1283,28047598732000E-01-7,81637777048000E-0-5,30497086191000E-05,25642777671192E-0
     1298,35797650954000E-011,53602030094000E-015,27113557983000E-014,65060131322608E-0
     130-8,50047653597000E-03,06564332475000E-014,28295805102000E-015,12934450455657E-0
     1313,68022578358000E-018,42157899657000E-013,94118578430000E-015,43993862547366E-0
     132-8,39148004395000E-05,36096392167000E-01-9,18220290830000E-04,75455256120099E-0
     133-6,18788937351000E-0-5,54192883326000E-0-5,56749943047000E-04,89158176891695E-0
     134-9,23751292920000E-08,76658638181000E-014,72161484655000E-014,88286674734355E-0
     1357,53763217185000E-01-5,57024452642000E-0-3,48661399609000E-04,71747822529503E-0
     136-9,35884167900000E-03,14180957288000E-01-1,59408752431000E-04,98021338011686E-0
     137-5,45859553498000E-0-4,20766049338000E-0-7,24564199763000E-04,88253228723850E-0
     1388,26034180307000E-01-3,47228630098000E-04,43959245206000E-015,18094750086946E-0
     139-4,61843296917000E-07,33316673250000E-028,83924903858000E-014,67523795034163E-0
     140-4,61503430917000E-0-7,07745989597000E-05,34892697147000E-015,07483868378762E-0
     141-6,72324320109000E-0-3,37621142572000E-06,58780671148000E-015,30291628341036E-0
     142-8,66405784000000E-08,41871131274000E-01-5,39677911043000E-05,02992381859827E-0
     143-4,64052157925000E-0-8,46004107985000E-0-2,62550269470000E-04,94826945811795E-0
     144-7,74682328874000E-06,23607736071000E-011,04788743877000E-014,99013679268341E-0
     145-2,48120151831000E-09,22746033043000E-012,94917189662000E-014,74555690120713E-0
     146-3,46418144590000E-08,80199538165000E-01-3,24412148528000E-05,00892345322993E-0
     147-1,68369456840000E-0-9,82144647687000E-08,39262594380000E-024,59866619088251E-0
     148-1,01774321175000E-06,99254442547000E-01-7,07591133443000E-04,78299964947435E-0
     149-2,22873227820000E-0-6,75427653914000E-0-7,02940259659000E-04,83820784763371E-0
     1506,95190267418000E-015,82772129751000E-014,20817225020000E-015,01897421073940E-0
     1511,03608714472000E-019,33594836317000E-01-3,43024657841000E-04,96123463945361E-0
     152-4,99923033816000E-0-3,24235605569000E-08,03086690427000E-014,58486470334448E-0
     153-8,67041702891000E-0-3,64037869020000E-0-3,40169245181000E-04,99049194289979E-0
     1549,44704277110000E-02-9,80616106672000E-0-1,71660681644000E-04,51240525204482E-0
     155-8,32801789597000E-04,54937853481000E-01-3,15392975055000E-04,95765464568248E-0
     1568,09633091498000E-015,86607743147000E-011,96370270680000E-024,60605088377991E-0
     1571,49818928846000E-012,04662202493000E-019,67299163357000E-015,04961991231016E-0
     1581,93340140868000E-01-9,00813930719000E-0-3,88785097647000E-04,47118704827956E-0
     1599,68300952428000E-01-2,40899151892000E-06,60368393070000E-025,25878406659703E-0
     1606,79209325784000E-01-4,78163764513000E-05,56807063600000E-014,78245701202246E-0
     161-2,53522203644000E-0-9,09744481780000E-0-3,28772672420000E-04,52265872440771E-0
     1629,10085916459000E-01-1,63652065042000E-0-3,80738264783000E-05,26251202946801E-0
     163-3,35316754454000E-0-4,84486863844000E-0-8,07982148903000E-05,30367461519233E-0
     164-8,44890489388000E-0-1,87062811610000E-0-5,01166205419000E-05,01846469755371E-0
     165-7,59650759110000E-0-7,42555601306000E-06,65462610679000E-015,23663882033466E-0
     1662,09342910794000E-016,00432063110000E-017,71788107767000E-015,00959299865597E-0
     1676,63191566076000E-016,32735063391000E-01-3,99779046777000E-04,86938703178788E-0
     1681,42333154151000E-01-7,63388901665000E-06,30062423927000E-014,51061415974276E-0
     1699,67297585447000E-012,26998118521000E-01-1,13169056621000E-04,69635299645246E-0
     170-2,79510777024000E-0-3,60920434008000E-08,89724769714000E-014,96994183537333E-0
     1716,98603550264000E-016,90971837951000E-011,85771361402000E-015,15333956031156E-0
     1723,87537165809000E-01-7,35279312420000E-0-9,18917073758000E-04,87342215109029E-0
     173-3,94014387961000E-0-9,10030322678000E-01,28831183677000E-014,98954769715403E-0
     1744,72852791514000E-01-8,70740742224000E-01,34984433879000E-015,51577976491888E-0
     1753,99460806361000E-013,02058013454000E-01-8,65558791007000E-04,91293856012244E-0
     176-4,00768624083000E-04,42563699424000E-018,02198156258000E-014,63145939430096E-0
     177-9,14868623103000E-03,98904338595000E-016,23757253390000E-024,98972672219275E-0
     1789,17936994254000E-013,90827016780000E-016,81609678300000E-025,13667931472299E-0
     179-4,10861855149000E-0-5,16663770608000E-07,51166482296000E-015,21017720727525E-0
     1805,03246294685000E-016,70238691440000E-015,45456930822000E-015,05238087293037E-0
     181-1,33857181540000E-09,60913494933000E-012,76525003943000E-015,18387699002050E-0
     1829,98415303822000E-01-2,77308694300000E-0-5,62066818290000E-05,28170192024630E-0
     183-8,88113811849000E-02,46198582411000E-01-3,88123840058000E-04,67492428261599E-0
     184-3,95265275664000E-04,69403853409000E-01-7,89572912567000E-04,65068615960809E-0
     185-5,72009344918000E-04,97377865473000E-016,52242721895000E-015,14223801409539E-0
     186-5,84374093920000E-08,01556198419000E-011,26548722360000E-014,70097635748605E-0
     1874,48341349618000E-01-8,26597914231000E-0-3,40185129615000E-04,76772312961569E-0
     188-8,37791509310000E-04,74562306056000E-012,69992601006000E-014,79003419232838E-0
     189-7,48377807257000E-04,14813689467000E-01-5,17552181559000E-04,93000395178439E-0
     1908,10403801089000E-01-3,40760192703000E-0-4,76579657821000E-04,42947176432778E-0
     191-2,68395993612000E-03,03675071615000E-01-9,14190921795000E-04,80349707688846E-0
     1927,50097022350000E-016,33101010728000E-01-1,91148024516000E-05,06903478187697E-0
     1937,90582001553000E-013,80581732754000E-014,79726634151000E-015,08917875385907E-0
     194-4,25724210280000E-0-3,91300437633000E-09,19277736310000E-015,06628341770003E-0
     1957,95390478252000E-012,62085746399000E-01-5,46502560507000E-04,87073699936132E-0
     1964,35280656305000E-01-2,82819702140000E-08,99850476695000E-014,64879504169252E-0
     1971,82019600101000E-01-4,21437671921000E-08,88402585467000E-014,65318082008670E-0
     198-9,46627650121000E-0-1,43339753976000E-0-2,88703666337000E-04,72910039271709E-0
     199-3,53908018939000E-0-7,91872557139000E-0-4,97681592367000E-05,52109071404053E-0
     200-6,30509831321000E-03,50777968029000E-01-6,92395963126000E-04,71851896856674E-0
     2019,05687090475000E-012,92287544451000E-013,07081236005000E-014,87717266527153E-0
     202-6,64104165414000E-09,36449366750000E-027,41752171089000E-014,98128357584652E-0
     2034,21718760367000E-015,49156876139000E-017,21512309350000E-014,99182244969858E-0
     2045,10974923835000E-013,42053987222000E-017,88608709714000E-015,02819394472852E-0
     205-5,36931636182000E-05,53242440272000E-01-6,36888703267000E-05,08733538967906E-0
     206-7,22525267651000E-06,42664044179000E-01-2,54833600464000E-04,56254601653825E-0
     207-7,44364394004000E-0-5,57967230476000E-0-3,66870847375000E-04,98128851418991E-0
     2082,44030397250000E-02-3,06627879343000E-0-9,51516597470000E-05,33869289224486E-0
     209-6,67550339841000E-0-7,14500490298000E-0-2,09441144816000E-05,17069846813249E-0
     210-3,99046339430000E-06,52147684247000E-016,44566068699000E-014,86732750523134E-0
     2115,82510460902000E-011,13836890298000E-018,04812229869000E-014,70028341446203E-0
     2123,49598487784000E-01-2,31939976002000E-09,07736054628000E-015,35418348761299E-0
     2136,97421911385000E-012,57576850254000E-016,68772639791000E-014,96032057647678E-0
     214-3,27334648581000E-08,09027560376000E-014,88186884697000E-015,09149675556107E-0
     2158,05506306337000E-014,56260000285000E-01-3,78135428903000E-04,80876181950877E-0
     2169,29096429804000E-01-1,96881149254000E-03,13077685558000E-014,90911252730886E-0
     217-7,22132109986000E-05,06605843438000E-014,71036872359000E-014,98533067670839E-0
     2189,85866732068000E-01-4,09307371780000E-01,62454490106000E-014,24612285320501E-0
     2195,84051011385000E-01-1,50092254672000E-07,97719707157000E-014,99050101334469E-0
     220-9,87294757303000E-01,58896510213000E-01-9,80431086000000E-04,73061013882418E-0
     2213,37735737205000E-018,92923270495000E-01-2,97695490097000E-05,05686985531672E-0
     2222,28252187232000E-018,27847917608000E-01-5,12414641024000E-04,82247141119198E-0
     223-7,37073364602000E-0-6,75781981376000E-06,44739031700000E-035,01511151446292E-0
     2244,28573476715000E-01-8,31506217980000E-03,53443325749000E-014,64639176707073E-0
     225-2,28237248713000E-08,17903932561000E-01-5,28148573226000E-05,01548434656034E-0
     226-2,89869084977000E-0-6,83225732012000E-06,70207813064000E-014,46134015446440E-0
     227-4,48064963628000E-07,40908898017000E-01-5,00291708114000E-04,82009984761640E-0
     2287,92091013230000E-01-5,97855915620000E-0-1,23126483418000E-04,58629867293811E-0
     2292,74435583603000E-01-6,10550759251000E-07,42908393297000E-015,21144149423101E-0
     230-6,34370737156000E-01,12999100102000E-01-7,64725422107000E-04,82701390759598E-0
     231-8,92365595000000E-02,81680330150000E-02-4,50433354423000E-04,88283062211111E-0
     232-4,31532021302000E-0-8,36033486304000E-03,38862987607000E-014,73328597158639E-0
     233-3,38901042715000E-0-9,36378412906000E-0-9,13320923340000E-05,13062324843562E-0
     234-6,78734376147000E-06,69906487095000E-013,00906871280000E-015,06529443397603E-0
     2356,19261568819000E-012,79636058852000E-01-7,33702108470000E-04,74961633891968E-0
     236-9,88280332485000E-0-6,96431728600000E-01,52490926639000E-015,17761759511140E-0
     237-1,58994329306000E-04,10577979910000E-018,97856628678000E-014,87929009295546E-0
     238-1,33807768589000E-0-1,85328351961000E-09,73523950925000E-014,72357767374192E-0
     239-6,20177402660000E-0-6,85986473683000E-03,80529298679000E-014,80853487219283E-0
     2404,45931669481000E-01-6,26123931499000E-0-6,39620018885000E-05,14603791291957E-0
     241-5,51533540717000E-06,79600502101000E-014,83687823920000E-014,73330146934127E-0
     242-2,61073171824000E-09,57342095758000E-01-1,23842281325000E-04,92448122703775E-0
     243-4,70427370241000E-08,24484539919000E-013,14520798617000E-014,96841222370957E-0
     244-7,82730604963000E-01,90484296156000E-01-5,92493487704000E-05,19420778098042E-0
     2457,23484353670000E-024,12938008445000E-019,07880997203000E-015,17103855297206E-0
     2464,82272377601000E-014,67678962612000E-01-7,40735946025000E-04,95168126252097E-0
     2473,71116103408000E-011,91116857559000E-019,08706324699000E-015,07000003747395E-0
     2481,74953578941000E-013,33033195933000E-01-9,26542031223000E-05,07052016270927E-0
     2495,31758433895000E-01-4,39540952900000E-0-7,23903804869000E-03,90760105598655E-0
     2505,69642452050000E-017,82989761354000E-01-2,49868986543000E-04,89208089475600E-0
     2519,76653070479000E-011,80372306303000E-011,16681665411000E-014,85360612574389E-0
     2524,71643932659000E-01-2,61955350580000E-0-8,41980638191000E-05,31612770404355E-0
     253-8,66324523585000E-0-8,33562580030000E-04,92476957924000E-014,78615979387545E-0
     254-8,11680830332000E-01,22766208054000E-015,71054014810000E-014,99756587664545E-0
     255-8,11817725810000E-02,14083394246000E-019,73436089381000E-014,64494411987664E-0
     2569,02912404580000E-01-4,28804102059000E-0-2,96012113330000E-04,81694057116630E-0
