1	0,00000000000000E+00	0,00000000000000E+00	1,00000000000000E+00	8,33493961611296E-04
2	9,96972891319000E-01	0,00000000000000E+00	-7,77499451740000E-02	1,42076400513162E-03
3	-9,82581060536000E-01	-1,78228496639000E-01	5,26218819720000E-02	1,14314629104636E-03
4	7,83068336711000E-01	6,21935399592000E-01	-5,82043422000000E-04	1,34548797840146E-03
5	4,95365041556000E-01	8,04616360278000E-01	3,27423255707000E-01	1,24064502295106E-03
6	-2,68566696162000E-01	-7,34252990559000E-01	6,23493765460000E-01	1,24988455737104E-03
7	-5,18797826849000E-01	8,54890674061000E-01	3,27875898300000E-03	1,15485362612423E-03
8	-9,60017419086000E-01	-1,08846768613000E-01	2,57912651907000E-01	1,09142532546840E-03
9	-6,76207321898000E-01	-3,84601345320000E-01	-6,28351384967000E-01	1,36439597346935E-03
10	-2,24573966429000E-01	9,68876550694000E-01	-1,04138192409000E-01	1,34900219897685E-03
11	-8,50989429348000E-01	-1,28055589111000E-01	-5,09331677039000E-01	1,05818430662629E-03
12	-1,17034299758000E-01	-3,82618734103000E-01	-9,16463789243000E-01	1,09277244457884E-03
13	-2,42832540611000E-01	-3,71800943221000E-01	-8,95989071273000E-01	1,11665760472359E-03
14	1,18185369053000E-01	5,36531573563000E-01	8,35563336386000E-01	9,45452650916358E-04
15	3,87868988733000E-01	-1,78294868797000E-01	9,04305582942000E-01	1,15412799373493E-03
16	7,62262920998000E-01	-6,07812974675000E-01	-2,22527811946000E-01	6,93637437395352E-04
17	-2,05458031773000E-01	-8,86163211920000E-01	4,15333310752000E-01	1,62896326800796E-03
18	-4,00891098554000E-01	1,29678481055000E-01	9,06901217692000E-01	2,00851880006815E-03
19	-1,61632828627000E-01	9,63162162784000E-01	-2,14926677945000E-01	1,02198405306453E-03
20	-2,96311835751000E-01	-4,53648551960000E-02	-9,54013273444000E-01	1,19674360716730E-03
21	-9,83477624389000E-01	1,05232740135000E-01	-1,47301842246000E-01	1,28601588597004E-03
22	9,39292243275000E-01	3,40048361396000E-01	4,57951267550000E-02	8,72499831369499E-04
23	4,08621574170000E-01	-9,11467140107000E-01	-4,74980170890000E-02	9,38625612029619E-04
24	-8,46440610041000E-01	7,46054415840000E-02	5,27230805018000E-01	1,19093039360834E-03
25	9,22328935836000E-01	3,51691018398000E-01	1,60071114503000E-01	1,56884190154321E-03
26	-5,62816608531000E-01	-1,84414466096000E-01	8,05747336239000E-01	1,73750632287703E-03
27	6,88770932121000E-01	-3,31452962570000E-02	-7,24220955511000E-01	1,05625911414615E-03
28	-6,93721949430000E-02	-9,58534292457000E-01	-2,76404610587000E-01	8,41118021285290E-04
29	-6,65367647350000E-02	-7,36186242601000E-01	6,73500315622000E-01	1,19851467247275E-03
30	1,70865010346000E-01	1,29086130112000E-01	9,76801883317000E-01	1,16188832349238E-03
31	-1,71065460940000E-01	-2,67826821378000E-01	9,48158953881000E-01	2,16017886787182E-03
32	7,82472530470000E-02	9,00604217443000E-01	4,27538782935000E-01	1,20402313712563E-03
33	-3,73974701880000E-02	9,99300353112000E-01	4,83212208000000E-04	1,33170967634478E-03
34	7,22143991034000E-01	-5,19175144604000E-01	-4,57127143625000E-01	1,16730763233123E-03
35	-3,41170368472000E-01	9,32454689983000E-01	1,18874012317000E-01	8,41624131993463E-04
36	9,13627041301000E-01	1,76498936890000E-01	-3,66242753758000E-01	1,13334826806110E-03
37	9,81587060638000E-01	9,77512783820000E-02	-1,64108287304000E-01	1,18192600545065E-03
38	-1,75564913877000E-01	-3,85061463639000E-01	9,06037874614000E-01	1,23909983780015E-04
39	3,59573592270000E-02	6,20723016752000E-01	7,83204957078000E-01	1,72967051996267E-03
40	8,93221107164000E-01	-3,78010326417000E-01	2,43442491853000E-01	7,31732743681344E-04
41	-8,54118167296000E-01	5,19991968523000E-01	-9,51362007300000E-03	9,80491609985412E-04
42	-9,03411487018000E-01	2,11422207602000E-01	3,73025917673000E-01	1,14530989125943E-03
43	7,52764931978000E-01	-3,04805260431000E-01	5,83471259274000E-01	7,88059869776130E-04
44	8,26162624100000E-01	-8,86841972500000E-02	-5,56408511526000E-01	9,78039208490267E-04
45	-9,07365714256000E-01	-4,58430903620000E-02	-4,17834742043000E-01	8,76688903568010E-04
46	8,38674106059000E-01	3,83585781448000E-01	-3,86636382273000E-01	1,15996399856429E-03
47	-8,89189043970000E-01	8,15899688750000E-02	-4,50206531564000E-01	1,04669013937250E-03
48	-9,54535134767000E-01	1,41999887239000E-01	-2,62104384777000E-01	1,12925674002871E-03
49	-8,12431876189000E-01	-4,43776991390000E-01	3,78175129358000E-01	1,15838323163771E-03
50	-6,14668305740000E-01	4,56734263512000E-01	6,43099281956000E-01	6,03561831297757E-04
51	3,06948964000000E-03	-9,86966630690000E-01	1,60895767932000E-01	7,53773018843095E-04
52	-7,89952684686000E-01	-4,63954114860000E-02	-6,11410027519000E-01	1,01289784782600E-03
53	-5,21727387399000E-01	7,63220583448000E-01	-3,81175647490000E-01	1,50238846144213E-03
54	9,01106211710000E-02	9,95931340665000E-01	9,16860649000000E-04	1,32813433793093E-03
55	5,47947478344000E-01	7,33115134480000E-01	4,02859479934000E-01	1,32398666202952E-03
56	-8,42270171800000E-03	5,25448072931000E-01	8,50783980073000E-01	6,87629546076983E-04
57	-3,62614348616000E-01	-1,53787438641000E-01	-9,19162802714000E-01	8,66131476206962E-04
58	-7,09660567510000E-01	6,88359325827000E-01	1,50144322130000E-01	1,30807163317030E-03
59	-5,69469411805000E-01	-1,26207289567000E-01	-8,12266156551000E-01	1,34622297676189E-03
60	4,63325320655000E-01	8,85999474358000E-01	1,82914919320000E-02	1,29155117014414E-03
61	9,88049242055000E-01	1,25824672126000E-01	8,90328431500000E-02	1,28593228245347E-03
62	-9,12546938245000E-01	4,08914451552000E-01	-6,85979681800000E-03	1,22954298293977E-03
63	2,81792257495000E-01	-2,41124933200000E-01	9,28682879247000E-01	1,11704874105254E-03
64	4,14783752898000E-01	-7,30154896339000E-01	5,42980907292000E-01	7,01259579095572E-04
65	-3,96034144690000E-01	-4,69085834794000E-01	7,89376612166000E-01	1,46334147122806E-03
66	7,53119395631000E-01	-6,57506022929000E-01	2,22936254720000E-02	7,72389339174608E-04
67	-8,54330924993000E-01	-3,99497714473000E-01	-3,32445855337000E-01	9,29060096657850E-04
68	7,02330428270000E-01	-6,57902370036000E-01	2,71838998356000E-01	1,66810634792135E-03
69	-3,29401105392000E-01	7,77060217581000E-01	5,36350939236000E-01	4,04905288564406E-04
70	9,25584459762000E-01	-2,54506173130000E-01	-2,80214231770000E-01	9,02539559610567E-04
71	8,61866730317000E-01	-1,73126139133000E-01	-4,76668731008000E-01	1,09854566239630E-03
72	-7,43882260610000E-01	6,50343317486000E-01	-1,53924500163000E-01	8,45742608993518E-04
73	-9,86019999867000E-01	1,58049444489000E-01	5,27724640290000E-02	1,18154452506651E-03
74	3,43422352076000E-01	4,56188930735000E-01	-8,20946251328000E-01	1,19514506885081E-03
75	-3,40898203420000E-02	2,16432245369000E-01	9,75702294408000E-01	1,00592022685545E-03
76	6,62106849154000E-01	3,92294899955000E-01	6,38528959227000E-01	1,06614688382581E-03
77	-6,17143323083000E-01	-7,04457794918000E-01	3,50532928486000E-01	6,20672597253221E-04
78	-8,77317131436000E-01	-3,37724751232000E-01	3,40964284485000E-01	1,48733133683629E-03
79	-1,37713797829000E-01	-1,38120949020000E-02	9,90375754914000E-01	-7,24523453668971E-05
80	-4,16107550629000E-01	-4,35727602409000E-01	-7,98120268386000E-01	8,16737989258555E-04
81	3,73555412181000E-01	3,41210619117000E-01	-8,62572702694000E-01	1,24777180730823E-03
82	-8,11675510087000E-01	-2,50484422061000E-01	5,27674540441000E-01	1,48570524328618E-03
83	5,83915213496000E-01	-7,14393467036000E-01	-3,85596936844000E-01	1,28767489369432E-03
84	-9,10554514778000E-01	1,74808261373000E-01	-3,74609860219000E-01	9,65579134915159E-04
85	-8,01054223687000E-01	5,91790331457000E-01	8,99796327390000E-02	1,28282085378410E-03
86	-8,25552356933000E-01	4,22523218691000E-01	3,74082124178000E-01	1,18460633913601E-03
87	-4,39278424530000E-02	2,56600779302000E-01	-9,65518712775000E-01	1,41282391898380E-03
88	5,98473834488000E-01	-7,55477780549000E-01	-2,66612813889000E-01	7,49469160775109E-04
89	4,63207873171000E-01	2,76286761690000E-02	8,85818899373000E-01	9,44926344397685E-04
90	-6,47062404608000E-01	4,13571273840000E-01	-6,40522478917000E-01	1,08307073406831E-03
91	-7,17952628619000E-01	3,14075721633000E-01	-6,21208873198000E-01	1,08149684516143E-03
92	-2,05102905755000E-01	3,85158092710000E-01	-8,99769993760000E-01	1,46373716221988E-03
93	-1,83918566825000E-01	-5,97258508257000E-01	7,80676780167000E-01	1,50331916801155E-03
94	-5,02469354920000E-02	6,39130698348000E-01	-7,67455012299000E-01	8,68351074958946E-04
95	-4,12350520967000E-01	5,95729761732000E-01	6,89255467041000E-01	8,61663944411588E-04
96	2,81340239598000E-01	8,36800646804000E-01	4,69693886581000E-01	9,13941766478521E-04
97	-1,08363708543000E-01	3,07546157630000E-01	9,45342619159000E-01	1,77015493750091E-03
98	5,08818204177000E-01	-8,55386046876000E-01	-9,70502236390000E-02	9,71224939360710E-04
99	3,39415368226000E-01	8,42035563054000E-01	-4,19253286647000E-01	7,42775302809519E-04
100	6,09015001240000E-01	-2,79073287137000E-01	-7,42441128085000E-01	1,08098433887464E-03
101	8,18669629233000E-01	-9,47222710260000E-02	5,66398913791000E-01	8,58270726913397E-04
102	-6,31672037900000E-01	6,83469016167000E-01	-3,65869567571000E-01	8,08378397102912E-04
103	2,34788475691000E-01	-7,68148800892000E-01	5,95669196258000E-01	8,29736751133662E-04
104	-9,97275258459000E-01	6,77987371550000E-02	-2,90755929630000E-02	8,85246530829506E-04
105	-8,29948233288000E-01	-5,56314104916000E-01	-4,12376858330000E-02	1,04047097962758E-03
106	-6,56258690231000E-01	5,96852018951000E-01	-4,61619105941000E-01	1,50086130679002E-03
107	-1,89858522998000E-01	-9,47549770628000E-01	-2,57105374171000E-01	8,50488175117149E-04
108	1,53697006244000E-01	9,82078862831000E-01	-1,09079500606000E-01	1,03866101398504E-03
109	3,54745613399000E-01	7,67675713887000E-01	5,33694245877000E-01	1,41583903448505E-03
110	-1,36200871745000E-01	1,64041989295000E-01	-9,77005398288000E-01	1,09331448448898E-03
111	2,98501595237000E-01	2,55289167523000E-01	-9,19632665028000E-01	1,21754502575125E-03
112	4,94556093772000E-01	-2,12486497328000E-01	8,42771474699000E-01	7,62419970085129E-04
113	-5,95198664492000E-01	8,00713447280000E-01	-6,77976779250000E-02	1,07535635247911E-03
114	5,78204063980000E-02	-2,56824253775000E-01	9,64726957889000E-01	2,02905949667610E-03
115	2,85863667114000E-01	1,47839841018000E-01	9,46797415096000E-01	1,12908218614205E-03
116	-4,88373282363000E-01	6,33891485383000E-01	5,99727539665000E-01	7,46349592619191E-04
117	-9,04409499440000E-01	9,36218724110000E-02	4,16267224663000E-01	1,17430529904221E-03
118	-8,42792321703000E-01	-2,50039671450000E-01	-4,76635358717000E-01	9,35357239378731E-04
119	3,36575112118000E-01	7,20115040603000E-01	-6,06754911146000E-01	7,23740742751495E-04
120	6,52174274313000E-01	1,64949608191000E-01	-7,39905630930000E-01	1,10328169478458E-03
121	-7,73634673921000E-01	3,16502970070000E-02	6,32840935786000E-01	7,81222119926067E-04
122	2,76765260490000E-02	9,93618792426000E-01	-1,09342147606000E-01	8,93209367535942E-04
123	-1,31807177607000E-01	5,05601709955000E-01	8,52639301711000E-01	1,83884530661691E-03
124	-6,62892576584000E-01	-9,80588180950000E-02	-7,42265383878000E-01	6,68283743790434E-04
125	-6,37629867632000E-01	-4,95459192457000E-01	-5,89871461010000E-01	1,07839177947449E-03
126	-8,42684049655000E-01	-5,08643052766000E-01	1,76538486821000E-01	1,11251109755713E-03
127	9,22308651983000E-01	-3,34756475017000E-01	-1,93092860851000E-01	1,33573137978683E-03
128	2,06876378707000E-01	-2,63513985155000E-01	-9,42211517421000E-01	8,67965037139740E-04
129	-5,42441106377000E-01	-8,28281095131000E-01	1,40385446402000E-01	1,31113005311386E-03
130	-6,44694739065000E-01	1,13591543115000E-01	7,55953473935000E-01	3,29600189542281E-04
131	-6,86396578815000E-01	4,86362629857000E-01	5,40658051701000E-01	1,41679525188931E-03
132	-9,18091159826000E-01	-1,26845230120000E-01	3,75524845842000E-01	1,37840413103155E-03
133	-3,58874527640000E-02	-9,97687693124000E-01	-5,77179151010000E-02	8,13772197280956E-04
134	3,75598722903000E-01	-6,18059305090000E-02	9,24719214847000E-01	7,92524589802249E-04
135	1,22043262480000E-02	-3,81826056943000E-01	-9,24153621786000E-01	1,04518833873682E-03
136	8,70154020408000E-01	2,12347524795000E-01	4,44680232842000E-01	1,22501353936967E-03
137	5,57583529344000E-01	8,10481180221000E-01	-1,79501711165000E-01	1,07837636995522E-03
138	-8,27325980918000E-01	-5,36023937381000E-01	-1,67958506343000E-01	9,65250053431172E-04
139	8,80008792349000E-01	-1,23313705859000E-01	4,58670094224000E-01	1,27624791100609E-03
140	2,39032198645000E-01	7,78060786399000E-01	5,80934609641000E-01	8,15440830087467E-04
141	-1,82374068654000E-01	-4,94332465663000E-01	8,49926533575000E-01	1,45125079717226E-03
142	2,54825826200000E-01	-9,60754025308000E-01	1,09615241443000E-01	1,18868711334905E-03
143	-7,32094368476000E-01	-4,34371652132000E-01	-5,24746704106000E-01	8,93438983549041E-04
144	-4,09193091492000E-01	3,03127182037000E-01	-8,60624729708000E-01	1,25998583460198E-03
145	9,73839385347000E-01	2,27219646942000E-01	2,84316570800000E-03	1,43931773188188E-03
146	8,52599094232000E-01	2,98996757320000E-02	-5,21709491868000E-01	1,12429477365661E-03
147	-8,65421257613000E-01	3,81631687469000E-01	-3,24658746981000E-01	9,43686547563275E-04
148	-8,51140660166000E-01	4,69579120850000E-01	-2,34638074221000E-01	1,04440741525409E-03
149	-4,35246932670000E-01	-7,78902881481000E-01	4,51520108988000E-01	4,82646049857053E-04
150	-8,62500423020000E-01	-1,40589572124000E-01	4,86135364379000E-01	8,99575759904927E-04
151	6,88537579850000E-02	4,37786924524000E-01	8,96438379771000E-01	1,57547030574723E-03
152	-3,16102984838000E-01	-9,42088090880000E-01	1,12022015689000E-01	7,88211065445902E-04
153	7,22980308430000E-02	6,22640817268000E-01	-7,79160707048000E-01	1,44921071339779E-03
154	-1,21703393687000E-01	-9,75135118666000E-01	1,85202009463000E-01	8,32343239000666E-04
155	-8,24256633201000E-01	5,32937006173000E-01	1,91256764782000E-01	9,46067503255399E-04
156	-4,48843624631000E-01	7,51495341498000E-01	-4,83522649247000E-01	7,69005508800519E-04
157	9,60430729697000E-01	-1,72725273718000E-01	2,18492089727000E-01	8,70719073297798E-04
158	-4,75094535603000E-01	5,95325701834000E-01	-6,47975687026000E-01	1,06352319030725E-03
159	-6,21798769273000E-01	7,60478804021000E-01	1,87185146755000E-01	1,16544675011364E-03
160	1,56115395048000E-01	9,33387611593000E-01	-3,23133950481000E-01	8,23576946083185E-04
161	-2,16232023311000E-01	8,32048352443000E-01	-5,10822132734000E-01	1,02826684475971E-03
162	8,76326977420000E-02	2,16456219158000E-01	-9,72351384775000E-01	1,11472335661416E-03
163	3,06449505735000E-01	-2,25237065490000E-02	-9,51620398625000E-01	1,25984631485708E-03
164	-4,04019035886000E-01	9,14725649220000E-01	6,75316965300000E-03	1,37102937475850E-03
165	3,41699821161000E-01	9,39772074374000E-01	8,34748139300000E-03	1,06940779247110E-03
166	3,30632729650000E-01	-8,01203007164000E-01	4,98754187346000E-01	1,21545922889641E-03
167	4,93651916993000E-01	-8,69097850673000E-01	3,12523727990000E-02	1,49705505110126E-03
168	6,87030623885000E-01	-7,02465205657000E-01	-1,85826684534000E-01	1,13869635434929E-03
169	4,55397383139000E-01	7,93128154871000E-01	-4,04426697167000E-01	1,39609237924400E-03
170	4,46315909963000E-01	1,09013117445000E-01	-8,88210700644000E-01	1,17756228720475E-03
171	-7,93173898780000E-01	1,66191220671000E-01	5,85880230479000E-01	1,08018116559969E-03
172	-4,99513807056000E-01	7,83231087400000E-02	8,62758046730000E-01	-1,21143305735942E-05
173	-4,13060433117000E-01	-7,49953387895000E-01	-5,16673005468000E-01	9,22746498014313E-04
174	6,60247585205000E-01	-6,20840796785000E-01	-4,22646224729000E-01	7,23061325087317E-04
175	1,97340052877000E-01	4,45918888612000E-01	8,73048250849000E-01	8,80612329775388E-04
176	-5,29578656922000E-01	-6,60635419780000E-02	8,45684370527000E-01	1,02600217207511E-03
177	-2,24783229029000E-01	9,13640016023000E-01	3,38724698050000E-01	1,67421603761511E-03
178	-7,35626467712000E-01	-1,42184730745000E-01	-6,62296914039000E-01	1,24079527089446E-03
179	-7,35387762665000E-01	-5,35056628400000E-01	4,15835596032000E-01	6,64772011821414E-04
180	-5,68918019660000E-02	4,19567637801000E-01	9,05939468275000E-01	9,92466523072477E-04
181	-7,33128196926000E-01	6,78922123877000E-01	3,98471652890000E-02	8,02771259781999E-04
182	-6,33420401185000E-01	-6,43893971560000E-01	-4,29160982327000E-01	1,07017845774835E-03
183	-4,01203479189000E-01	-8,49093150808000E-01	3,43622743045000E-01	1,50561819691505E-03
184	6,21154458626000E-01	5,72012346190000E-02	-7,81597823236000E-01	1,20524358735334E-03
185	9,94711334885000E-01	-1,02397948277000E-01	8,00127737200000E-03	8,76140776415081E-04
186	3,76259016599000E-01	-1,24316920872000E-01	-9,18136403599000E-01	1,03933549522729E-03
187	5,85596435284000E-01	-1,25079879828000E-01	8,00894399184000E-01	1,16260382417974E-03
188	-4,85208746882000E-01	6,71757626670000E-01	-5,59744730176000E-01	1,32617587483168E-03
189	-4,00390480655000E-01	8,87389155812000E-01	2,28534350040000E-01	1,52852509798950E-03
190	9,58189833320000E-02	2,33003545017000E-01	9,67743804135000E-01	1,54369875712242E-03
191	-2,93987369754000E-01	-7,84938606416000E-01	-5,45383177759000E-01	9,13158690701036E-04
192	6,41860843414000E-01	-7,43168756692000E-01	1,88983747368000E-01	6,94673797900407E-04
193	-3,30669437397000E-01	3,66065925670000E-02	9,43036415284000E-01	-2,48403708099440E-04
194	-9,47812588050000E-01	-8,05251016970000E-02	-3,08491500579000E-01	1,15264968512041E-03
195	6,06300617096000E-01	5,15264043817000E-01	-6,05724794653000E-01	1,28468890960313E-03
196	-3,01485622053000E-01	-6,39911772567000E-01	-7,06837564809000E-01	1,00326233058606E-03
197	-2,75069345574000E-01	-1,91319838245000E-01	9,42196144452000E-01	2,78895497183648E-04
198	3,68517107880000E-01	5,32742930669000E-01	7,61826824824000E-01	8,93490425009065E-04
199	-1,74350142174000E-01	6,65212194363000E-01	-7,26012923022000E-01	9,36763336337244E-04
200	9,64976288084000E-01	1,48077520025000E-01	2,16549789885000E-01	1,34211621248205E-03
201	-1,04075707155000E-01	9,36424840892000E-01	3,35077251600000E-01	1,27151451434120E-03
202	4,85546947120000E-01	5,18972742090000E-01	7,03499435046000E-01	1,13006825336170E-03
203	-7,66574070824000E-01	-3,20803985871000E-01	-5,56281400542000E-01	1,15290430827288E-03
204	-2,23614782247000E-01	9,21660486350000E-01	-3,17077872236000E-01	1,18790662165992E-03
205	-4,50147311662000E-01	8,70897910860000E-02	-8,88697229709000E-01	1,28190226018533E-03
206	1,70076169121000E-01	-3,15885406758000E-01	9,33429433056000E-01	7,13743722867042E-04
207	-7,91175002860000E-02	-9,15759738403000E-01	3,93858505899000E-01	7,57536276629930E-04
208	-5,89558746618000E-01	-6,04098285140000E-01	-5,36176972816000E-01	8,69337914195482E-04
209	-6,92055074067000E-01	6,72693192918000E-01	-2,61808408306000E-01	1,58372105966149E-03
210	-7,29077827169000E-01	-9,88679154570000E-02	6,77252284768000E-01	1,44701421516411E-03
211	-6,07383389394000E-01	-3,29813394885000E-01	-7,22709168921000E-01	1,07348601797009E-03
212	4,86118587610000E-02	-4,85115882528000E-01	8,73097627821000E-01	1,01121047430733E-03
213	-3,59580564185000E-01	2,59904007634000E-01	8,96187326778000E-01	2,41796142281186E-04
214	-8,76341721025000E-01	-2,42346159045000E-01	4,16285391513000E-01	1,06121402227813E-03
215	7,67844529979000E-01	4,48085403190000E-01	4,57858328776000E-01	1,02934763234686E-03
216	4,99649778329000E-01	-7,96245580933000E-01	-3,41091005248000E-01	1,36876068443891E-03
217	-8,85831813575000E-01	-2,86557891706000E-01	-3,64947356147000E-01	1,06588856955800E-03
218	1,15291676533000E-01	7,80411825873000E-01	6,14544718763000E-01	9,51171270523867E-04
219	1,60257666348000E-01	8,36118370949000E-01	-5,24617527479000E-01	7,15762081087295E-04
220	6,60969748707000E-01	-3,29937188980000E-02	7,49686871839000E-01	1,42874713991670E-03
221	9,28672889172000E-01	3,12332190510000E-01	-2,00038165581000E-01	1,19355115775908E-03
222	-5,47704232286000E-01	4,12497518835000E-01	-7,27918862848000E-01	1,07216544557908E-03
223	5,77418163658000E-01	-4,69416470036000E-01	6,68009312762000E-01	1,56687931063427E-03
224	8,30354141390000E-01	-5,40838602959000E-01	-1,34184967213000E-01	1,13079932390302E-03
225	3,96094341677000E-01	-8,22224763212000E-01	-4,08724493091000E-01	1,17528237914455E-03
226	4,29856477420000E-02	-9,30873923760000E-01	3,62802938456000E-01	8,47857312630551E-04
227	9,21380372599000E-01	-1,45899900516000E-01	-3,60238015787000E-01	9,30688127807061E-04
228	4,46394847427000E-01	4,34357693728000E-01	7,82345853245000E-01	1,35848360594481E-03
229	8,61824515650000E-02	-9,93096647459000E-01	-7,95715643210000E-02	1,46419498495827E-03
230	5,23039467220000E-01	-6,72359428819000E-01	5,23796252572000E-01	7,71296782875709E-04
231	9,03057901300000E-01	8,89572052030000E-02	4,20205952531000E-01	1,30501631241103E-03
232	1,56597721998000E-01	8,42621424531000E-01	5,15234207315000E-01	1,68764195338048E-03
233	-7,19403124265000E-01	-6,86571794229000E-01	1,05253580305000E-01	1,30033169810345E-03
234	-7,46491005479000E-01	5,07384310592000E-01	4,30479198225000E-01	1,13614645141157E-03
235	-9,93593457936000E-01	-2,38448895750000E-02	-1,10469278933000E-01	1,18899927443247E-03
236	-1,01077920215000E-01	9,88313390915000E-01	1,14104756178000E-01	1,20873065036664E-03
237	-8,86751495290000E-02	6,06928019329000E-01	7,89794338552000E-01	7,78006805553202E-04
238	4,36038735213000E-01	6,88720986589000E-01	5,79252642657000E-01	1,10282977112475E-03
239	-3,78884634216000E-01	-6,74150245858000E-01	6,34009368988000E-01	2,97164432700564E-04
240	-6,26498637029000E-01	-7,67947205705000E-01	-1,33253694321000E-01	1,21708421200413E-03
241	4,06186134016000E-01	-8,67091100491000E-01	-2,88384895553000E-01	8,94841859819200E-04
242	-6,88463910568000E-01	-7,23932272465000E-01	-4,40398538730000E-02	1,05283051672544E-03
243	2,80627074434000E-01	8,05783603711000E-01	-5,21499021174000E-01	1,48733502660980E-03
244	1,53737366665000E-01	6,93561432561000E-01	-7,03802075412000E-01	7,56082937812463E-04
245	1,99365964393000E-01	8,90610414744000E-01	4,08737447992000E-01	6,56985121204036E-04
246	-1,82049246480000E-02	5,44976834261000E-01	-8,38253440695000E-01	1,04557433520323E-03
247	-6,81550334668000E-01	-6,90775700315000E-01	2,41491352159000E-01	1,46356309508624E-03
248	-5,37587823785000E-01	-5,55222292459000E-01	-6,34608176495000E-01	1,37590547620050E-03
249	9,09898303240000E-02	9,71515137830000E-01	-2,18813134307000E-01	1,35480858976152E-03
250	3,79989622671000E-01	-9,22135766524000E-01	7,26189697010000E-02	1,05780098945572E-03
251	5,66597174596000E-01	-2,11384125400000E-03	8,23992216842000E-01	7,58218683669133E-04
252	1,84414097430000E-02	9,44764573460000E-01	3,27230522936000E-01	5,45329406702561E-04
253	3,45814825271000E-01	2,49588326276000E-01	9,04498631292000E-01	1,34358795974596E-03
254	8,74283374514000E-01	4,04576594439000E-01	-2,68228186961000E-01	1,13129470900101E-03
255	3,99802428761000E-01	3,44402780137000E-01	8,49437898255000E-01	7,77278205808763E-04
256	9,63220672283000E-01	-5,72195116450000E-02	2,62548783988000E-01	1,22763274223724E-03
257	-9,94897296922000E-01	3,57728667940000E-02	9,43380653760000E-02	1,19854406167764E-03
258	-1,56714993068000E-01	-9,87001810769000E-01	-3,56066916000000E-02	8,16782222441767E-04
259	-9,27069069789000E-01	-2,25672399208000E-01	2,99357492099000E-01	8,23757368959724E-04
260	-2,38903394940000E-01	-7,28159342239000E-01	-6,42424423724000E-01	9,83118377860146E-04
261	-2,37933816645000E-01	-5,65566766505000E-01	-7,89633922474000E-01	9,15142890810797E-04
262	-4,86829202841000E-01	2,04038379062000E-01	-8,49332483266000E-01	8,61200780048805E-04
263	1,26732104243000E-01	-8,88242067541000E-01	4,41548415470000E-01	8,02270735278224E-04
264	3,80892736307000E-01	-8,40044165098000E-01	3,86324376805000E-01	1,18957225987858E-03
265	-8,53815222246000E-01	1,94312669544000E-01	4,82951501411000E-01	9,62379899500976E-04
266	7,07500645964000E-01	5,51939817248000E-01	4,41367504577000E-01	1,43778806203867E-03
267	5,93607703844000E-01	4,99787786459000E-01	6,30747225474000E-01	1,46961360376888E-03
268	-2,10801429753000E-01	5,82844530920000E-01	7,84764302189000E-01	5,89684678012773E-04
269	-3,59983711124000E-01	-5,42500531109000E-01	-7,59015745207000E-01	1,33380174783282E-03
270	7,01453114467000E-01	6,30255410145000E-01	3,32778674479000E-01	1,36916386293187E-03
271	-9,28865830610000E-01	-3,49571013193000E-01	-1,22508675043000E-01	8,40034489938758E-04
272	7,77324035743000E-01	5,28910387717000E-01	3,40618768157000E-01	7,35002373926601E-04
273	8,50495590230000E-02	-8,03093446859000E-01	-5,89752056479000E-01	8,28880843459070E-04
274	9,45074862356000E-01	-3,20998366320000E-02	-3,25273892330000E-01	1,09924112028774E-03
275	4,50220156024000E-01	-6,40071342009000E-01	6,22583719871000E-01	1,61839703768968E-03
276	-7,64580586297000E-01	-6,11730355413000E-01	2,02983987851000E-01	7,47892448261473E-04
277	-6,25790395419000E-01	-7,78954108935000E-01	4,02104112720000E-02	1,39048990387242E-03
278	8,28464844247000E-01	-4,69545585867000E-01	3,05242435843000E-01	1,33872906970171E-03
279	7,29521302470000E-01	3,25879265903000E-01	-6,01332997013000E-01	1,13835279391107E-03
280	-4,76309054931000E-01	8,31412475602000E-01	-2,86152021842000E-01	8,02020372132384E-04
281	-3,42647093809000E-01	7,94999973058000E-01	-5,00567689670000E-01	1,44468150105767E-03
282	3,20489163896000E-01	-6,21788849891000E-01	-7,14608509589000E-01	1,24521728365889E-03
283	9,60498146666000E-01	-1,35366129635000E-01	-2,43144650773000E-01	1,42010559235299E-03
284	3,86201127374000E-01	6,24177240781000E-01	-6,79154961188000E-01	1,12207909767903E-03
285	2,74915339823000E-01	9,55266143783000E-01	1,09032795396000E-01	1,26683458419185E-03
286	4,52380920752000E-01	6,74800989305000E-01	-5,83091011226000E-01	1,44979991723776E-03
287	6,26371644491000E-01	3,05486564804000E-01	7,17172588505000E-01	1,51900780011917E-03
288	-5,00922220172000E-01	-8,64731207052000E-01	3,62886881540000E-02	8,44149137345155E-04
289	-2,09390779140000E-01	8,14175055821000E-01	5,41548225083000E-01	1,74257885096357E-03
290	-8,66060286694000E-01	-4,26592948412000E-01	2,60687621834000E-01	7,27883820563682E-04
291	-7,57202650894000E-01	-6,04111423775000E-01	-2,48381829333000E-01	1,03948143125169E-03
292	4,74524749904000E-01	-5,41474754428000E-01	6,93996651321000E-01	8,92027306738361E-04
293	-7,87195563770000E-01	6,15212768795000E-01	-4,28531619930000E-02	1,15775938076045E-03
294	2,82601552833000E-01	9,01178731812000E-01	3,28653701738000E-01	1,41694299594034E-03
295	5,41807304470000E-02	-9,54665655355000E-01	-2,92707934524000E-01	1,45186082791263E-03
296	-9,58719484843000E-01	-2,35255871269000E-01	-1,59723587536000E-01	1,12943005760207E-03
297	-3,92652775321000E-01	-5,75362380497000E-01	7,17483051466000E-01	1,59065328836247E-03
298	-5,61771637121000E-01	8,20575748024000E-01	1,05204892852000E-01	1,18299660799960E-03
299	8,23185361072000E-01	-2,15179177069000E-01	5,25417722457000E-01	1,24698686768998E-03
300	9,83645755443000E-01	3,25325186500000E-02	1,77151525618000E-01	8,27917539752790E-04
301	1,91768925610000E-02	3,28680402850000E-01	9,44246493017000E-01	7,20998033108507E-04
302	2,37210965190000E-02	9,93726985004000E-01	1,09288557748000E-01	6,67526386049314E-04
303	-7,18807457520000E-01	2,61581505426000E-01	6,44120295467000E-01	7,54228409922204E-04
304	-3,06776472984000E-01	-9,22444171985000E-01	-2,34488688843000E-01	1,61613030026790E-03
305	-4,39738720648000E-01	4,07440516420000E-01	-8,00388707531000E-01	1,02555168623822E-03
306	6,78197541212000E-01	-2,75426864701000E-01	6,81313538171000E-01	1,34828675173421E-03
307	5,56368501142000E-01	-5,74065964726000E-01	6,00751495279000E-01	9,44723976589386E-04
308	4,70281288793000E-01	2,39833697705000E-01	8,49302835776000E-01	1,33051989844821E-03
309	-8,65502721861000E-01	2,88515012311000E-01	-4,09468101472000E-01	1,18402792134580E-03
310	-9,94849586160000E-02	9,89131449967000E-01	-1,08266881804000E-01	1,19220745009711E-03
311	-1,50483582109000E-01	-9,15491849186000E-01	-3,73134514068000E-01	1,55283017862565E-03
312	-4,19243439803000E-01	-8,83634189848000E-01	-2,08387995607000E-01	9,15291595116459E-04
313	-9,17605895125000E-01	2,67307387498000E-01	-2,94187324372000E-01	1,21731765097032E-03
314	-2,86399753629000E-01	9,35065444260000E-01	-2,08872679096000E-01	9,32114148426715E-04
315	-2,22972817862000E-01	9,67657131626000E-01	1,17994907123000E-01	1,51868015693155E-03
316	-3,24209489310000E-02	9,03438800102000E-01	-4,27489434419000E-01	9,19778246869653E-04
317	-8,45473881330000E-02	7,24069707971000E-01	-6,84525234859000E-01	1,29149019493779E-03
318	2,62727067599000E-01	-8,74456907111000E-01	4,07798486457000E-01	7,67476981355872E-04
319	2,86181442959000E-01	6,23537927212000E-01	7,27530504539000E-01	9,84205878385507E-04
320	7,21507640447000E-01	5,70821841144000E-01	-3,91904517007000E-01	1,22432244098475E-03
321	9,64743099470000E-02	8,99683833176000E-01	-4,25748409090000E-01	1,36487638008250E-03
322	-5,57912749070000E-02	-2,82869193447000E-01	-9,57534517938000E-01	1,24966570423207E-03
323	-3,73340138711000E-01	6,91719004963000E-01	6,18176317081000E-01	1,73942361031929E-03
324	-1,99415911886000E-01	-9,75977491558000E-01	8,77566525080000E-02	9,02948196520490E-04
325	-4,69683737844000E-01	-1,43550852863000E-01	-8,71085724281000E-01	1,23183055475405E-03
326	7,29979445183000E-01	-6,66899296605000E-01	1,49583882151000E-01	9,30881334176816E-04
327	8,94903606708000E-01	4,22666590230000E-01	-1,43179915506000E-01	1,07354109153265E-03
328	-1,64329643459000E-01	9,59647501694000E-01	2,28193866644000E-01	5,55122799114757E-04
329	-5,57256121998000E-01	1,70930277542000E-01	8,12556739382000E-01	1,90572183955705E-03
330	-6,64354856752000E-01	-3,29370888402000E-01	6,70930281165000E-01	1,55479026462111E-03
331	-5,53232875560000E-02	-7,03357227230000E-02	-9,95988062159000E-01	1,21385869184657E-03
332	4,83099206150000E-01	-7,46463594732000E-01	-4,57610378769000E-01	7,58714675303004E-04
333	2,51670190586000E-01	-6,69716936739000E-01	6,98671124217000E-01	1,08009007028617E-03
334	-3,09066738538000E-01	-2,61684561657000E-01	-9,14329777115000E-01	1,18570017145124E-03
335	2,05372356915000E-01	-4,62381552021000E-01	-8,62569124978000E-01	8,21825159308693E-04
336	-7,84215078280000E-02	-9,94833420465000E-01	6,44711767900000E-02	1,64228158787818E-03
337	-4,07726365795000E-01	8,24963141963000E-01	-3,91401360547000E-01	1,09119156243365E-03
338	1,19883870610000E-02	-5,74484484077000E-01	-8,18427673121000E-01	1,07236505697937E-03
339	7,61126573389000E-01	-6,40647284883000E-01	-1,01278801598000E-01	1,49129579164120E-03
340	-5,94897448793000E-01	2,10713862008000E-01	-7,75691107192000E-01	1,17369793757613E-03
341	4,48746004510000E-02	-9,98132783902000E-01	4,14393042100000E-02	1,01637034929250E-03
342	1,75707971267000E-01	3,02630226654000E-01	-9,36771933156000E-01	1,31612668685531E-03
343	2,64562208839000E-01	-5,45489755147000E-01	-7,95265845289000E-01	1,22508450191889E-03
344	8,27306017903000E-01	-5,61381158395000E-01	-2,03947969150000E-02	1,01059095550349E-03
345	-5,67950337988000E-01	-6,20255190695000E-01	5,41032265207000E-01	4,71244797303946E-04
346	-2,92533959217000E-01	-5,38264843978000E-01	7,90376391627000E-01	8,65112830715950E-05
347	-3,23774816087000E-01	-8,39429919013000E-01	4,36494306416000E-01	1,19973224368867E-03
348	-6,45605096510000E-02	-4,42860238947000E-01	8,94263243879000E-01	1,81232395601352E-03
349	-3,42583684965000E-01	-8,30132230231000E-01	-4,39905557055000E-01	1,49692119088265E-03
350	-4,42663945332000E-01	3,46302385158000E-01	8,27117458126000E-01	1,95443727280478E-03
351	9,54394456222000E-01	8,30182611370000E-02	-2,86773761440000E-01	1,18370643228083E-03
352	-2,80890478067000E-01	8,51568611136000E-01	4,42641434866000E-01	1,32457711362409E-03
353	-5,11391507367000E-01	7,50667642179000E-01	4,18302303578000E-01	7,48432207639843E-04
354	-6,61399917470000E-01	5,04328082720000E-01	-5,55160638150000E-01	1,03163036444729E-03
355	-5,68477570104000E-01	7,63240101254000E-01	3,07079468748000E-01	1,32357068091160E-03
356	-9,41284247886000E-01	3,23581835278000E-01	-9,63263232980000E-02	1,14627096120320E-03
357	-4,46553915747000E-01	7,26349799552000E-01	5,22499348346000E-01	1,16013227953081E-03
358	2,77990958449000E-01	9,05832414718000E-01	-3,19669616115000E-01	1,39821159350133E-03
359	5,64712706179000E-01	6,16912168490000E-01	-5,48196074274000E-01	1,22136262561536E-03
360	-1,71289742615000E-01	6,77991811499000E-01	7,14833496428000E-01	2,00002978415305E-03
361	5,40210065331000E-01	-8,10594619205000E-01	2,26073989282000E-01	1,59931378203232E-03
362	-2,53489464770000E-01	-5,49828951650000E-02	9,65774286513000E-01	2,24599718961826E-03
363	4,21508259800000E-02	1,22487517458000E-01	9,91574563982000E-01	6,68208952500861E-04
364	-9,55293563768000E-01	2,34039896334000E-01	-1,80664146826000E-01	9,39012556168514E-04
365	-9,22808417137000E-01	3,70332593939000E-01	1,06199788738000E-01	1,01861726009194E-03
366	6,53987538808000E-01	-3,66464314599000E-01	-6,61818861328000E-01	1,44254112408322E-03
367	-4,54359973411000E-01	8,83246382364000E-01	1,15900140649000E-01	9,61036638197747E-04
368	-5,58429125850000E-02	-2,18380193045000E-01	9,74264676769000E-01	1,44771793586977E-04
369	-4,23785012974000E-01	-6,03942596977000E-01	-6,75025630873000E-01	9,02969105175524E-04
370	-1,70749146349000E-01	-8,05586775952000E-01	-5,67339999853000E-01	1,44670512437608E-03
371	-5,38718513686000E-01	-2,47795086824000E-01	-8,05220440599000E-01	6,96944504172979E-04
372	-4,64777325019000E-01	-6,96550753029000E-01	5,46625179262000E-01	1,46775565053179E-03
373	9,24467469357000E-01	1,78434398460000E-01	3,36928870160000E-01	8,22536779264576E-04
374	4,70728018290000E-01	8,58387096404000E-01	2,03928236209000E-01	1,33336759127456E-03
375	-8,86188442150000E-01	3,27584666920000E-01	3,27655811788000E-01	1,01094818459515E-03
376	3,78988579576000E-01	8,32244833632000E-01	4,04643291608000E-01	1,44537265984781E-03
377	-2,68887025568000E-01	-8,96471131202000E-01	-3,52192104401000E-01	8,38348606536139E-04
378	-3,61439546712000E-01	-6,99821592903000E-01	-6,16125954801000E-01	1,43415093746862E-03
379	-4,80956666200000E-02	6,97431585086000E-01	7,15035657137000E-01	8,58797102942395E-04
380	7,67003463662000E-01	1,53529615597000E-01	6,23004288801000E-01	1,22327555487983E-03
381	9,62869815110000E-01	2,38004521831000E-01	1,27418863355000E-01	7,29878564429439E-04
382	-3,48267310830000E-02	9,75404901964000E-01	-2,17651960768000E-01	1,07954567938048E-03
383	-7,22503892086000E-01	5,91774747095000E-01	-3,57478355459000E-01	9,31184335443924E-04
384	-8,15759794510000E-01	-3,65679157066000E-01	-4,48123545185000E-01	1,31805328177814E-03
385	-6,29928640865000E-01	3,48329292010000E-01	6,94158923983000E-01	1,55788360741108E-03
386	-1,71064354468000E-01	2,76677402171000E-01	-9,45614404373000E-01	9,27215972969598E-04
387	-1,77845244026000E-01	-6,58051452771000E-01	-7,31668883227000E-01	1,37352576182788E-03
388	1,50803260104000E-01	-7,29867122969000E-01	6,66747598084000E-01	1,26989467386490E-03
389	3,54839954670000E-02	7,14138854996000E-01	-6,99104128046000E-01	1,07014427319262E-03
390	6,03133882230000E-01	-7,84733957286000E-01	-1,42906040420000E-01	1,46356721003638E-03
391	2,95120335700000E-02	9,45021688284000E-01	-3,25673223565000E-01	1,09599528022586E-03
392	1,53859807794000E-01	-8,47666770353000E-01	-5,07728476634000E-01	1,27502274960634E-03
393	-5,66215228655000E-01	5,07038862812000E-01	-6,49855296537000E-01	1,30565223951676E-03
394	-9,62748313255000E-01	-2,04247165642000E-01	1,77197010846000E-01	1,39561433429263E-03
395	-2,89165130587000E-01	-4,30806050563000E-01	8,54862371409000E-01	1,92671397885736E-03
396	-8,11211898240000E-01	-5,05509745139000E-01	-2,93930525333000E-01	1,34032277016209E-03
397	4,17243903930000E-02	-5,87992835719000E-01	8,07789267315000E-01	1,58219476667488E-03
398	-2,97413325681000E-01	-4,63537749772000E-01	-8,34672431702000E-01	1,22057982256940E-03
399	-4,68559280940000E-01	8,77791845009000E-01	-9,96678337340000E-02	8,20814673205705E-04
400	4,24018334848000E-01	-8,64103901830000E-01	2,71169501520000E-01	1,16719245325176E-03
401	-2,93058962446000E-01	6,45575406134000E-01	7,05229636023000E-01	5,16470255219691E-04
402	8,26399736974000E-01	-5,02508165477000E-01	-2,54064988455000E-01	1,44126470410999E-03
403	4,12402300049000E-01	-9,13151746000000E-04	-9,11001377095000E-01	9,51728582083268E-04
404	-7,07233894716000E-01	3,77794850602000E-01	5,97571141391000E-01	1,14229150416917E-03
405	4,61837225460000E-02	-7,68310972744000E-01	6,38408421728000E-01	1,38401756622372E-03
406	-5,21389932596000E-01	3,10865017023000E-01	-7,94679482168000E-01	1,21195021912138E-03
407	2,37617352418000E-01	7,09342894360000E-02	-9,68765358801000E-01	9,23863120098089E-04
408	4,10311155995000E-01	2,18804935606000E-01	-8,85307379062000E-01	8,59644782799587E-04
409	6,52297326740000E-01	-5,00562523973000E-01	5,69161977930000E-01	7,31386156617061E-04
410	-9,38019584864000E-01	-2,02722319290000E-01	-2,81110155764000E-01	8,65498725690284E-04
411	7,23747731868000E-01	6,85325252488000E-01	-8,07373452580000E-02	9,25662341504949E-04
412	3,04450551212000E-01	-9,03919915020000E-01	3,00397485171000E-01	1,17962697033462E-03
413	2,20060917213000E-01	8,77796730709000E-01	-4,25495114276000E-01	1,18106627873455E-03
414	-4,18062947480000E-02	9,74028658959000E-01	2,22531807267000E-01	1,52154727159577E-03
415	2,81356566316000E-01	-3,57978605510000E-01	8,90331286987000E-01	1,33511178482610E-03
416	-7,17648374348000E-01	-2,82555134400000E-03	-6,96399904548000E-01	1,32057823292639E-03
417	-5,93819103757000E-01	5,64997837094000E-01	5,72849296144000E-01	1,23435474947648E-03
418	9,42841811064000E-01	-2,86045368833000E-01	1,70960130669000E-01	1,26397629088585E-03
419	-7,60639963213000E-01	-6,49170021245000E-01	2,26492389300000E-03	9,01824667698400E-04
420	9,86544255992000E-01	-1,13632943439000E-01	-1,17549926137000E-01	9,55197287208103E-04
421	7,05035080485000E-01	4,40188591106000E-01	-5,56021168254000E-01	1,21754968222588E-03
422	-6,45232594173000E-01	-6,24412874939000E-01	4,40208429074000E-01	1,58583628420983E-03
423	6,76939169565000E-01	-6,69470951274000E-01	-3,05879071055000E-01	1,36353711691091E-03
424	-2,85236792801000E-01	8,65253528325000E-01	-4,12281825642000E-01	9,47043742554969E-04
425	-4,18667758950000E-02	8,98047694873000E-01	4,37901256917000E-01	1,65173243690137E-03
426	-8,91483475473000E-01	-2,36863287980000E-02	4,52433609258000E-01	1,04322788032144E-03
427	4,97757706335000E-01	-5,06384734901000E-01	-7,04139024656000E-01	1,40747013320049E-03
428	-7,36877246837000E-01	5,02391141927000E-01	-4,52343966033000E-01	9,21604012283111E-04
429	-3,54223207233000E-01	5,04090522457000E-01	-7,87666594840000E-01	1,37213094138524E-03
430	1,37034795870000E-01	-5,61986780629000E-01	-8,15715834785000E-01	1,34412751544775E-03
431	-6,67094382137000E-01	6,91047299812000E-01	2,78278124802000E-01	7,98455935472469E-04
432	9,47149222296000E-01	-3,18268761312000E-01	4,01664820010000E-02	8,86170166901669E-04
433	-7,77278616126000E-01	-4,74906210504000E-01	-4,12676682329000E-01	1,07131703912156E-03
434	3,43990887963000E-01	-9,19902059173000E-01	1,88282953363000E-01	1,24316044313684E-03
435	5,69422869550000E-01	-7,07646170074000E-01	4,18323431824000E-01	1,36590296661175E-03
436	-5,00820111160000E-02	-4,82099734217000E-01	-8,74683736233000E-01	1,18459886822768E-03
437	-9,22279720344000E-01	-3,18342286267000E-01	2,19222047745000E-01	1,11483425030514E-03
438	-1,77323173113000E-01	-5,64558772230000E-02	-9,82532048436000E-01	9,93963616220614E-04
439	9,11623650634000E-01	-3,93833554049000E-01	1,17632696599000E-01	1,34867251739597E-03
440	-3,58483825048000E-01	-1,03176045751000E-01	9,27816819616000E-01	1,04466782844852E-03
441	7,87397279798000E-01	-2,07000146731000E-01	-5,80651757098000E-01	1,36760822873688E-03
442	7,44103639551000E-01	-1,21155553498000E-01	-6,56986381490000E-01	1,05309495225998E-03
443	6,75906339057000E-01	-1,56142408637000E-01	7,20257015965000E-01	7,91779177809922E-04
444	6,83038757408000E-01	6,98749285857000E-01	2,12620533800000E-01	1,25465476737833E-03
445	-1,45205587024000E-01	5,70522399106000E-01	-8,08343695228000E-01	1,45444254247905E-03
446	-7,90200922350000E-02	3,65689080549000E-01	-9,27376580139000E-01	9,56461597861542E-04
447	7,63442619770000E-02	7,05864790691000E-01	7,04220456197000E-01	7,11588255602984E-04
448	5,07283555217000E-01	8,09667617711000E-01	-2,95130044957000E-01	8,49850124319297E-04
449	8,58589180456000E-01	2,67817923452000E-01	-4,37147777166000E-01	1,15444143218078E-03
450	5,25995298681000E-01	2,16738083000000E-02	-8,50211263039000E-01	9,82143973566706E-04
451	4,98156197821000E-01	5,77171672991000E-01	-6,47080568762000E-01	7,61888344124152E-04
452	9,17968532136000E-01	-2,64946796409000E-01	2,95189717099000E-01	1,26773885188203E-03
453	-8,50213135413000E-01	1,92408083112000E-01	-4,90017095542000E-01	1,22170414588261E-03
454	3,48532741050000E-01	4,90170241310000E-02	9,36014027545000E-01	1,59314317963022E-03
455	5,88538472127000E-01	-3,59369446348000E-01	7,24207199534000E-01	7,56679011874741E-04
456	-1,13957484201000E-01	-5,74840890661000E-01	-8,10291084869000E-01	1,14061683357292E-03
457	-5,80503237755000E-01	-5,24238577984000E-01	6,23048877946000E-01	1,63319732879664E-03
458	4,33510197464000E-01	-6,07992497014000E-01	-6,65142114340000E-01	1,24304244838224E-03
459	3,36342526913000E-01	9,18411506050000E-01	-2,08312289953000E-01	8,55978486754342E-04
460	6,58319516289000E-01	2,90320486710000E-01	-6,94499409266000E-01	1,19277075107911E-03
461	6,84949398828000E-01	7,28295894626000E-01	2,07222324350000E-02	1,09816719558816E-03
462	-5,65059061186000E-01	-8,23457914798000E-01	-5,12378759110000E-02	9,53522999988286E-04
463	5,04717094627000E-01	-3,07913649656000E-01	-8,06504704727000E-01	1,46532344695275E-03
464	4,81797240712000E-01	2,89241755945000E-01	-8,27170251799000E-01	1,30123700058182E-03
465	1,20893154600000E-02	-9,83839679114000E-01	-1,78643035835000E-01	9,41175741435104E-04
466	7,61299080413000E-01	4,67704851604000E-01	-4,49083379729000E-01	1,18094637966708E-03
467	-8,53067203598000E-01	-1,16946600100000E-02	-5,21669992498000E-01	1,26120572288900E-03
468	-9,78328964994000E-01	1,96473647737000E-01	-6,53493840670000E-02	1,19180466920148E-03
469	-3,75220888929000E-01	1,91126356470000E-01	-9,07017089351000E-01	1,17156113896369E-03
470	1,74080765705000E-01	-9,25963654373000E-01	3,35092819665000E-01	1,61179351340951E-03
471	4,85477314638000E-01	-9,39371326710000E-02	8,69187892275000E-01	1,48580561581937E-03
472	6,70219332813000E-01	-3,90222650173000E-01	6,31294170110000E-01	1,12612887381280E-03
473	-8,26905109122000E-01	-4,02993343560000E-02	5,60895626796000E-01	1,29234998787408E-03
474	4,12571963233000E-01	-8,93716469851000E-01	-1,76224988781000E-01	1,33192619484205E-03
475	-9,38937347967000E-01	4,82967877160000E-02	-3,40681782444000E-01	1,33535062636742E-03
476	5,33395090742000E-01	4,73216951324000E-01	-7,01110115568000E-01	1,18348438954651E-03
477	4,02456655753000E-01	9,08018547732000E-01	1,16322642744000E-01	9,27322418627429E-04
478	7,38098724808000E-01	-4,19108456815000E-01	5,28732800063000E-01	1,42164308433432E-03
479	9,75453862962000E-01	-2,17595036676000E-01	-3,37958761680000E-02	1,45600358453289E-03
480	5,34431513903000E-01	8,38715071366000E-01	1,04594388053000E-01	9,94449212208235E-04
481	6,18437671496000E-01	5,77069450481000E-01	5,33409501036000E-01	1,11830184977231E-03
482	-8,20341438124000E-01	9,12491212380000E-02	-5,64547183829000E-01	1,03728598832640E-03
483	-4,63789473502000E-01	2,24448559141000E-01	8,57042687716000E-01	9,55085271560849E-04
484	-6,62247923310000E-01	-5,35259694146000E-01	5,24332669108000E-01	1,13630149353289E-03
485	-1,59867740779000E-01	1,88659487837000E-01	9,68942672766000E-01	3,13938506678979E-04
486	-7,92540706358000E-01	-1,45127433602000E-01	5,92298283623000E-01	9,53457825427593E-04
487	-6,39184631427000E-01	-2,15251162293000E-01	-7,38315612783000E-01	1,39071647708398E-03
488	8,75572524933000E-01	-3,89779677182000E-01	-2,85384927492000E-01	1,19505487359924E-03
489	5,70824116623000E-01	7,89631685106000E-01	2,25036951983000E-01	1,06655579576511E-03
490	-7,63953789554000E-01	-6,34166089276000E-01	-1,19197225800000E-01	1,33511475711310E-03
491	8,60949015711000E-01	-3,56878889565000E-01	3,62497242099000E-01	1,31081593003669E-03
492	2,06949875732000E-01	-9,72633611177000E-01	-1,05620108615000E-01	1,24416306562426E-03
493	6,54555651038000E-01	-1,58031826460000E-01	-7,39312411312000E-01	1,33191048180583E-03
494	-6,87935526117000E-01	-5,41876987078000E-01	-4,82818850898000E-01	1,37224067866543E-03
495	4,52762600429000E-01	7,61315145291000E-01	4,64117740669000E-01	6,66205322995592E-04
496	-5,03853368428000E-01	-3,62116442273000E-01	-7,84221566497000E-01	1,52812904169041E-03
497	5,13877272183000E-01	7,10055970023000E-01	-4,81404890470000E-01	7,60028989422287E-04
498	3,87967855712000E-01	-4,03683910353000E-01	8,28565171520000E-01	9,26149346374685E-04
499	2,14071377862000E-01	9,51372025916000E-01	2,21505560843000E-01	6,98463104786373E-04
500	3,16848690572000E-01	-9,40052822647000E-01	-1,26125326231000E-01	9,66390056947424E-04
501	4,48409354304000E-01	-4,20324714255000E-01	-7,88832165646000E-01	1,14988721696316E-03
502	-2,52682711754000E-01	4,77408069790000E-01	8,41565791890000E-01	1,05311560169291E-03
503	-4,61387358941000E-01	5,06205916609000E-01	-7,28613254751000E-01	1,03159121535025E-03
504	1,81552458696000E-01	-9,35902713288000E-01	-3,01868872198000E-01	1,18054506722585E-03
505	9,06750676360000E-02	-9,11012331066000E-01	-4,02286669871000E-01	8,46318236204173E-04
506	9,22676485702000E-01	-3,12114352370000E-02	3,84309704592000E-01	9,02829175317766E-04
507	1,03502195930000E-01	-8,25417183352000E-01	5,54953843905000E-01	9,76393249821719E-04
508	2,15879546981000E-01	-9,50436596207000E-01	2,23754994997000E-01	7,05523374165787E-04
509	-1,14927521772000E-01	-7,40691213134000E-01	-6,61942740368000E-01	9,09545286299855E-04
510	7,27847114230000E-02	-6,58497311671000E-01	-7,49055189092000E-01	1,10841066338306E-03
511	-5,56508809876000E-01	6,63297189992000E-01	5,00334670275000E-01	1,34378169112427E-03
512	9,01748536141000E-01	4,31984407315000E-01	-1,54612225980000E-02	1,38577878086494E-03
513	7,99992479943000E-01	2,92341146600000E-02	5,99297420797000E-01	1,35377533540561E-03
514	8,63522516360000E-01	1,49229579698000E-01	-4,81725436616000E-01	1,09951839488864E-03
515	1,50601019166000E-01	-6,33764319936000E-01	7,58724007662000E-01	1,09099930198462E-03
516	-5,39440285753000E-01	8,22833668305000E-01	-1,78742642955000E-01	1,46865203376033E-03
517	-3,81696006486000E-01	6,98630670238000E-01	-6,05163899482000E-01	1,11232135435816E-03
518	-5,26390002749000E-01	-8,31810021948000E-01	-1,76084219600000E-01	9,44475001189048E-04
519	-6,59378863391000E-01	-2,03662497673000E-01	7,23699593447000E-01	1,32237818315514E-03
520	-4,29850544661000E-01	-8,93000280847000E-01	1,33337945320000E-01	1,43908973758917E-03
521	-2,52777036347000E-01	7,34921818875000E-01	6,29280295288000E-01	1,15462815164191E-03
522	-2,74819696579000E-01	-9,61418098747000E-01	-1,22218563840000E-02	1,63341945063682E-03
523	-5,63563267305000E-01	6,82441480050000E-01	-4,65478323933000E-01	1,02251118774367E-03
524	6,71793350511000E-01	6,63799964573000E-01	-3,28729830168000E-01	9,25962390995022E-04
525	2,56920943011000E-01	-1,38713716845000E-01	-9,56425707413000E-01	9,49798447872171E-04
526	-1,77607832609000E-01	-6,93394866613000E-01	6,98325867164000E-01	4,19768464735769E-04
527	-5,83183170125000E-01	-4,18392771878000E-01	6,96308034222000E-01	1,23148929069164E-03
528	-7,72149033221000E-01	4,02872213931000E-01	4,91405992778000E-01	9,10214652830760E-04
529	-8,85642252839000E-01	-4,56800698415000E-01	-8,34920470090000E-02	1,38888484054314E-03
530	2,42202312707000E-01	1,50734201780000E-02	9,70108670059000E-01	7,30674512212862E-04
531	3,35859369320000E-02	8,45469868302000E-01	5,32965933840000E-01	3,99788408772159E-04
532	5,81356265779000E-01	2,15521328390000E-01	7,84586164324000E-01	5,11156752457411E-04
533	8,77451696210000E-02	-9,63960635470000E-01	2,51158671904000E-01	9,59738924284052E-04
534	-9,86348189622000E-01	-1,48208193215000E-01	-7,17745100520000E-02	8,46346512224927E-04
535	-3,83906459217000E-01	-8,63518609257000E-01	-3,27034313242000E-01	9,26870161775311E-04
536	-4,79546540076000E-01	-4,96840689813000E-01	-7,23314900197000E-01	1,11686550306656E-03
537	7,83848511077000E-01	-5,76002115443000E-01	2,31954897960000E-01	5,51202336735932E-04
538	-2,93191913927000E-01	2,92183707352000E-01	-9,10311585539000E-01	9,93375806278962E-04
539	-5,12892958994000E-01	8,30042392996000E-01	2,19021547899000E-01	8,82818063458463E-04
540	9,75605247630000E-01	-2,00244995081000E-01	8,99796796020000E-02	1,07220295213547E-03
541	-2,64377236823000E-01	5,86180709898000E-01	-7,65830824656000E-01	9,66841716699120E-04
542	-4,73548515367000E-01	-8,46072101589000E-01	2,44772961144000E-01	6,58709993840114E-04
543	-4,57543372176000E-01	8,25860491580000E-01	3,29558054105000E-01	1,15031473906556E-03
544	2,81138476354000E-01	-9,30723986208000E-01	-2,33910278977000E-01	1,21079685481187E-03
545	4,16506136980000E-02	-6,83577422000000E-01	7,28688640306000E-01	6,39929760197681E-04
546	-9,25355986337000E-01	-3,79047714843000E-01	6,25527158100000E-03	1,10018828631706E-03
547	1,45043904172000E-01	3,45528113927000E-01	9,27131375992000E-01	1,04547046699107E-03
548	2,40779302080000E-02	3,11107630120000E-02	-9,99225887226000E-01	1,16911237166117E-03
549	-9,47826385203000E-01	1,06771650174000E-01	3,00374696392000E-01	1,14600949873369E-03
550	2,79454008096000E-01	9,54601923665000E-01	-1,03153403700000E-01	1,37870138104353E-03
551	8,02768960808000E-01	2,37852237119000E-01	-5,46798234142000E-01	1,14659700159638E-03
552	-6,39826647957000E-01	2,33381658359000E-01	7,32225963829000E-01	1,19405745355345E-03
553	5,46114373760000E-02	-3,74736276443000E-01	9,25521644277000E-01	5,95648597982308E-04
554	-1,00560146439000E-01	4,79987058070000E-02	-9,93772499715000E-01	1,11105246562880E-03
555	-7,49237731473000E-01	9,97316727570000E-02	-6,54749123853000E-01	1,12998461573646E-03
556	1,01088258960000E-02	-7,40242141123000E-01	-6,72264370724000E-01	1,29683742875693E-03
557	-4,57581304003000E-01	-1,53605984392000E-01	8,75799378731000E-01	3,53637597653974E-04
558	2,50983217486000E-01	-7,09982706454000E-01	-6,57975669062000E-01	1,22973462733948E-03
559	4,55336833001000E-01	4,09929693273000E-01	-7,90332850821000E-01	8,10771669093437E-04
560	-6,92755268756000E-01	2,11674523462000E-01	-6,89408466534000E-01	1,21472884307940E-03
561	-4,92020127649000E-01	-5,01175471110000E-01	7,11856264386000E-01	2,73578893375087E-04
562	-9,74425244157000E-01	-1,14942832671000E-01	-1,93089587413000E-01	1,31144993627253E-03
563	-9,87087885717000E-01	-8,52692761720000E-02	1,35597405621000E-01	8,76422715490023E-04
564	-2,15725669628000E-01	7,55305937290000E-02	9,73528409896000E-01	1,62011600135233E-03
565	4,50367977350000E-01	8,70780355651000E-01	-1,97256830528000E-01	1,32864594691834E-03
566	-7,90331303989000E-01	-1,98917732818000E-01	-5,79489573251000E-01	1,21555094261963E-03
567	5,67434726119000E-01	-6,56184466474000E-01	-4,97433189035000E-01	1,23102202603992E-03
568	3,22113126823000E-01	7,00093446303000E-01	6,37269409255000E-01	9,15308063266353E-04
569	-1,22552846604000E-01	-8,58688031553000E-01	4,97630047583000E-01	1,08376877091233E-03
570	-8,73523698346000E-01	-4,84383123089000E-01	4,82632209320000E-02	8,72785816540459E-04
571	-5,77067362774000E-01	-7,75318382547000E-01	2,56660601778000E-01	1,30264250749086E-03
572	-7,77404913427000E-01	2,07721328109000E-01	-5,93711588592000E-01	1,09091111499590E-03
573	-3,89032897947000E-01	-9,21136932561000E-01	1,26552671780000E-02	9,66633213713309E-04
574	-8,88207668821000E-01	4,44077927834000E-01	-1,17821606922000E-01	9,80590170852301E-04
575	-7,86383560759000E-01	2,88151816601000E-01	5,46415067469000E-01	1,30699467338586E-03
576	9,48931924863000E-01	1,98230580259000E-01	-2,45423794742000E-01	1,05242736429400E-03
577	-5,44429015339000E-01	-7,06683983630000E-01	4,51879181350000E-01	1,33901211256695E-03
578	5,02789890401000E-01	-7,95321945597000E-01	3,38622694105000E-01	6,52289754617579E-04
579	8,00392771766000E-01	-4,72045143849000E-01	-3,69519678872000E-01	7,77270925522767E-04
580	2,73816111252000E-01	3,50223653925000E-01	8,95750037371000E-01	1,31882587978884E-03
581	-4,48397002110000E-02	-8,11182323879000E-01	-5,83071726901000E-01	1,10387202936148E-03
582	1,66196724225000E-01	-4,27419217886000E-01	8,88645858055000E-01	1,67042324637616E-03
583	-6,92116979241000E-01	7,18778814277000E-01	-6,58111175510000E-02	1,44671680892492E-03
584	8,84106186808000E-01	3,02577345596000E-01	3,56094370048000E-01	1,39418557807091E-03
585	-2,31040327389000E-01	-9,63343973383000E-01	-1,36340588479000E-01	8,94046856371634E-04
586	-5,09605636768000E-01	-7,83123935622000E-01	3,56397245262000E-01	1,36006714055000E-03
587	-2,87144783764000E-01	-6,39626239525000E-01	7,13040073816000E-01	1,67655688367014E-03
588	-8,17909507973000E-01	-3,50241682864000E-01	4,56458979922000E-01	7,07502641158595E-04
589	-2,80529131067000E-01	-3,16609578620000E-01	9,06124594826000E-01	1,04810812674469E-03
590	-1,00286340420000E-01	-8,69787357135000E-01	-4,83127936777000E-01	8,20470907230256E-04
591	-9,75814570925000E-01	1,27676225910000E-01	1,77439298092000E-01	9,52671879170237E-04
592	2,65486287780000E-01	-5,72027079087000E-01	7,76081214689000E-01	1,39985781337791E-03
593	-9,40818081842000E-01	-9,69036782200000E-03	3,38773425244000E-01	9,68451809127294E-04
594	-2,85032661528000E-01	9,58492167982000E-01	7,01040502600000E-03	1,02778789451651E-03
595	1,51864135587000E-01	9,82075137775000E-01	1,11649935450000E-01	1,30008147584600E-03
596	-4,09142877884000E-01	-3,35376188800000E-02	-9,11853789594000E-01	1,27207700680368E-03
597	-9,02162263073000E-01	-1,67364627904000E-01	-3,97608265021000E-01	1,36403934726137E-03
598	1,68718695943000E-01	-9,85526336198000E-01	1,64876408000000E-02	7,29218912655659E-04
599	9,78726780656000E-01	-1,82388932810000E-02	-2,04355649782000E-01	9,24329384254750E-04
600	2,70488937697000E-01	-3,56205898042000E-01	-8,94400968684000E-01	1,09603509428743E-03
601	6,23245020184000E-01	6,44686850768000E-01	-4,42656197588000E-01	1,25948367908806E-03
602	-1,11273044338000E-01	-9,81103160399000E-01	-1,58287391342000E-01	1,64657107831849E-03
603	5,68746052154000E-01	7,32845684076000E-01	-3,73450306587000E-01	1,22533420012664E-03
604	-6,44141451040000E-01	7,63507987027000E-01	4,62314265300000E-02	1,03894850831886E-03
605	8,93816473016000E-01	-5,72295988830000E-02	-4,44766102100000E-01	1,22637552846819E-03
606	7,72393045649000E-01	-4,09609455526000E-01	-4,85416395454000E-01	1,45839166806103E-03
607	6,21826578196000E-01	-6,05618790127000E-01	4,96545655196000E-01	1,53718683376479E-03
608	3,90314965230000E-01	-3,32272757028000E-01	-8,58632076535000E-01	8,66982596950638E-04
609	6,69271115176000E-01	5,46806695808000E-01	-5,03069191872000E-01	8,66536374257175E-04
610	-2,32363212822000E-01	2,78692328836000E-01	9,31846512670000E-01	1,27630984838269E-03
611	7,53141125150000E-01	-5,57200943953000E-01	3,49722109203000E-01	1,36803003792203E-03
612	5,16046388823000E-01	8,52826565838000E-01	-7,98935115260000E-02	9,56855613755585E-04
613	-6,94653707996000E-01	7,56449366300000E-03	7,19304528279000E-01	1,29033457876916E-03
614	-7,53368934750000E-01	6,15805609537000E-01	2,30691784457000E-01	1,12424089598493E-03
615	5,17573096622000E-01	5,97205321757000E-01	6,12751085938000E-01	7,97158098713026E-04
616	3,95042941549000E-01	8,64374739786000E-01	-3,11122778903000E-01	1,15358198492397E-03
617	2,60487994300000E-01	3,78655485099000E-01	-8,88125007209000E-01	8,34360460961646E-04
618	5,11816362940000E-02	3,32624691087000E-01	-9,41669397924000E-01	8,77058651182933E-04
619	8,14079871940000E-01	-3,32039202543000E-01	4,76470282469000E-01	1,23446827393137E-03
620	-7,94886131772000E-01	-5,30981841870000E-01	2,93622753073000E-01	1,48983811263693E-03
621	4,24593436939000E-01	5,20875703862000E-01	-7,40546362111000E-01	1,41787947703877E-03
622	-9,51055315049000E-01	-2,94610802307000E-01	9,32644781350000E-02	8,11130959802246E-04
623	-3,04446959247000E-01	3,62971334794000E-01	8,80661035316000E-01	1,79335527938009E-03
624	6,34862694743000E-01	-5,56628699512000E-01	-5,35830056737000E-01	1,45839267611589E-03
625	2,18263473830000E-01	2,48525876719000E-01	9,43713910352000E-01	8,27138876379228E-04
626	-6,16600870055000E-01	6,81999558766000E-01	3,93293743773000E-01	1,26518960412592E-03
627	-6,44061969799000E-01	7,45228561410000E-01	-1,72680544119000E-01	8,09392026740911E-04
628	-2,41654285755000E-01	-8,17469775973000E-01	5,22825373855000E-01	5,14814755380778E-04
629	-9,64033073820000E-02	9,41838470741000E-01	-3,21942071431000E-01	1,19224693012520E-03
630	-9,47598244500000E-03	1,44785244295000E-01	-9,89417727146000E-01	9,07273546325484E-04
631	-2,84637177087000E-01	-9,01396559894000E-01	3,26291157144000E-01	6,66518170399882E-04
632	8,10902138983000E-01	5,69952296029000E-01	1,32635218716000E-01	1,12068463347893E-03
633	6,08837286286000E-01	-7,31507058344000E-01	3,06943940191000E-01	1,13359389181228E-03
634	-6,34994726639000E-01	-9,10062736060000E-02	7,67137246720000E-01	4,77788459722229E-04
635	3,33923030659000E-01	-7,09162528654000E-01	6,20954038194000E-01	1,38895692848407E-03
636	-3,47848669059000E-01	9,32046010214000E-01	-1,01447219175000E-01	1,06410129267883E-03
637	7,57747566426000E-01	5,94084025374000E-01	-2,69968139548000E-01	1,14692779727418E-03
638	5,27390826472000E-01	1,22684791704000E-01	8,40718358333000E-01	1,61388126899517E-03
639	8,34129772920000E-02	9,72906862862000E-01	2,15625859800000E-01	1,24422400558536E-03
640	-6,68816600217000E-01	-6,73555882808000E-01	-3,14653504683000E-01	1,31915870155417E-03
641	6,68604264271000E-01	-7,40824242157000E-01	6,44032610260000E-02	1,69945422908287E-03
642	6,99385785264000E-01	6,85928300710000E-01	-2,00902687032000E-01	1,16918669663240E-03
643	-6,59279958313000E-01	1,06031119981000E-01	-7,44383864792000E-01	8,69744085364687E-04
644	-2,21816417219000E-01	6,20662062170000E-02	-9,73111125770000E-01	1,17198409707057E-03
645	2,35503482778000E-01	-7,85152627096000E-01	-5,72776973842000E-01	1,17435758364261E-03
646	3,91027818556000E-01	-2,92758255770000E-01	8,72576557555000E-01	1,09539035264168E-03
647	8,43673811668000E-01	-3,64342774168000E-01	-3,94295374583000E-01	1,02812305712482E-03
648	2,01181337779000E-01	7,07301077877000E-01	6,77680791054000E-01	1,57727356684787E-03
649	8,03815902223000E-01	4,92692334451000E-01	-3,33368053219000E-01	9,98592313184337E-04
650	3,35077681332000E-01	1,24062459687000E-01	-9,33986859420000E-01	1,29105586118925E-03
651	2,18529542160000E-01	7,56321021076000E-01	-6,16622536307000E-01	1,11671492237072E-03
652	-7,99469375185000E-01	3,04602426928000E-01	-5,17750982279000E-01	1,01411385339465E-03
653	-5,26924925298000E-01	-7,01900869864000E-01	-4,79254934231000E-01	1,42756141244710E-03
654	8,81865040410000E-01	4,55171621569000E-01	1,23015630798000E-01	9,54180551466567E-04
655	-7,45541307905000E-01	-3,45088608099000E-01	5,70159636215000E-01	1,07724626750306E-03
656	1,42974151735000E-01	-3,72656438603000E-01	-9,16889072191000E-01	1,43738820583516E-03
657	7,61584695151000E-01	6,04442907511000E-01	2,33746708365000E-01	9,41921698045948E-04
658	3,87387393547000E-01	-5,26120524696000E-01	-7,57052310487000E-01	7,83417120602337E-04
659	-1,13082274067000E-01	4,70795296734000E-01	-8,74965249518000E-01	9,15148469121293E-04
660	-7,16607788520000E-02	-6,45258185352000E-01	7,60596218114000E-01	1,46713062221433E-03
661	-1,20305519458000E-01	-1,74465491436000E-01	-9,77286229457000E-01	1,05093167861516E-03
662	-1,30888160860000E-01	7,62794709226000E-01	6,33255494191000E-01	2,87723111098387E-04
663	5,56126248066000E-01	-3,96444403576000E-01	-7,30448787448000E-01	7,17610393854438E-04
664	6,36639600828000E-01	7,63725610087000E-01	-1,06832631513000E-01	1,19221473069307E-03
665	3,63305849747000E-01	-6,11022800262000E-01	7,03320692927000E-01	5,95618167084840E-04
666	-7,10896258910000E-02	-5,47001221340000E-01	8,34107864094000E-01	3,35538494239822E-04
667	8,53848029513000E-01	-4,85816763959000E-01	1,86883959595000E-01	1,28158454764290E-03
668	-1,84102096793000E-01	-2,75383224402000E-01	-9,43541465795000E-01	1,02778848926041E-03
669	2,76173370634000E-01	-1,16957623438000E-01	9,53964980318000E-01	1,29048170700178E-03
670	-4,46516377387000E-01	4,87953077824000E-01	7,50016612194000E-01	9,41023903837539E-04
671	4,88235068427000E-01	-4,37073003000000E-01	7,55376533926000E-01	9,31349278765986E-04
672	-9,98315750096000E-01	-5,68202027380000E-02	1,17101524730000E-02	1,28947465117510E-03
673	-3,67327937640000E-02	-8,19662632521000E-01	5,71667622583000E-01	5,97344284023906E-04
674	-5,31834409620000E-02	-6,62680107441000E-01	-7,47011778227000E-01	1,01096517635400E-03
675	8,02013951069000E-01	2,44180969470000E-01	5,45114003159000E-01	1,33986332679673E-03
676	-2,84150645739000E-01	9,30665103308000E-01	2,30479665069000E-01	1,11123940246407E-03
677	-5,31757094495000E-01	4,10126017177000E-01	7,40966289711000E-01	1,24499021830316E-03
678	9,09223329200000E-03	-8,78835231696000E-01	4,77038747717000E-01	1,69717691217701E-03
679	-7,79161480320000E-01	5,75188417260000E-01	-2,49129830079000E-01	9,80272469561959E-04
680	9,11331022567000E-01	5,95080211520000E-02	-4,07350663096000E-01	1,05818831887976E-03
681	-9,10001031799000E-01	3,57836238625000E-01	-2,09407135625000E-01	1,23853117085068E-03
682	5,36129275771000E-01	6,71007933528000E-01	5,12165747395000E-01	1,38577236767701E-03
683	6,30448300905000E-01	6,46959995558000E-01	4,28926222133000E-01	7,40727797725904E-04
684	8,84119299498000E-01	-4,40373394242000E-01	-1,56218878178000E-01	7,04213486859935E-04
685	-7,99757721452000E-01	4,91158023684000E-01	-3,45183114809000E-01	1,36847708901322E-03
686	1,92600844054000E-01	5,96630848042000E-01	-7,79061323668000E-01	1,12118814310937E-03
687	7,90955413934000E-01	-4,45780438682000E-01	4,19129256504000E-01	6,96167725362324E-04
688	2,12820811991000E-01	-8,35248032520000E-01	5,07018763119000E-01	1,43666465904796E-03
689	-4,82209156516000E-01	-2,74702958576000E-01	8,31872955397000E-01	1,16843321430763E-03
690	4,62599370761000E-01	-8,73269611938000E-01	1,52977145475000E-01	8,25252004160315E-04
691	5,19342866523000E-01	3,30332774694000E-01	7,88139102541000E-01	1,24589578115947E-03
692	-1,62469949306000E-01	9,86703828963000E-01	4,36686174800000E-03	7,78699913767766E-04
693	-1,61826066145000E-01	8,81932481797000E-01	4,42727254488000E-01	2,83182540424219E-04
694	-8,21015705700000E-03	7,77259670757000E-01	6,29126376443000E-01	1,87483069583349E-03
695	7,03707615855000E-01	-2,45628930580000E-01	-6,66679848091000E-01	8,73297455496241E-04
696	9,42395072646000E-01	3,25294451751000E-01	-7,79425860000000E-02	9,64746452223106E-04
697	3,58937413870000E-02	8,52763114194000E-01	-5,21063057988000E-01	1,18093327773036E-03
698	1,29311893344000E-01	-9,82328714693000E-01	1,35309757701000E-01	1,58064413791795E-03
699	3,24535098883000E-01	4,44488758457000E-01	8,34929166575000E-01	1,12341199535416E-03
700	2,16164224377000E-01	9,52445277515000E-01	-2,14758053256000E-01	1,06862331772910E-03
701	9,61543173752000E-01	-2,26010369152000E-01	-1,56057803546000E-01	9,81208085474828E-04
702	-3,48042984572000E-01	8,86149311187000E-01	-3,05950125303000E-01	1,24537056458044E-03
703	9,31318550307000E-01	2,65386989709000E-01	2,49430358112000E-01	1,13053800007094E-03
704	9,00807438538000E-01	2,92364490309000E-01	-3,21043553868000E-01	1,05530280424034E-03
705	7,45379857498000E-01	-6,40832031570000E-02	6,63552719164000E-01	1,16904189856039E-03
706	8,18655111781000E-01	-2,90326936891000E-01	-4,95493771575000E-01	8,24401155156118E-04
707	-5,81058683394000E-01	-3,00452414203000E-01	7,56372364152000E-01	4,05402697783100E-04
708	-3,30781430461000E-01	5,46415787383000E-01	7,69424091487000E-01	1,92950292917632E-03
709	4,00500821853000E-01	9,11492947620000E-01	-9,37000434070000E-02	1,04000240618904E-03
710	3,79047006524000E-01	-5,09887952142000E-01	7,72229009495000E-01	1,57853632824545E-03
711	5,72923066049000E-01	-8,12570509497000E-01	1,07183615744000E-01	8,91070099066541E-04
712	-7,94008521639000E-01	5,21487222309000E-01	3,12412458992000E-01	1,01412941397586E-03
713	-9,14735551526000E-01	-3,20304081531000E-01	-2,46300966560000E-01	1,39147479171778E-03
714	-1,62692266738000E-01	-9,38395424504000E-01	3,04869240188000E-01	9,34557692385097E-04
715	-9,59897348923000E-01	2,45854089208000E-01	1,34732499236000E-01	1,19975242914030E-03
716	-9,63200007491000E-01	-2,66647265244000E-01	-3,38375753720000E-02	1,38987951386714E-03
717	-8,25597989853000E-01	5,47531829198000E-01	-1,36370286959000E-01	1,34103588492035E-03
718	-3,97840450176000E-01	8,07233290893000E-01	4,36001594352000E-01	1,55760325976675E-03
719	-7,35501089010000E-01	4,08317124781000E-01	-5,40661884801000E-01	1,25765099597573E-03
720	5,99151717885000E-01	-4,80594063608000E-01	-6,40348783852000E-01	1,23646609941929E-03
721	-4,79056142832000E-01	-6,57845135796000E-01	-5,81158316919000E-01	1,01709773788582E-03
722	-2,23189296471000E-01	-8,57242530042000E-01	-4,64027782173000E-01	9,87546080776263E-04
723	-3,00800261040000E-02	-9,20399906973000E-01	-3,89819449583000E-01	1,05586801246508E-03
724	1,05739786786000E-01	5,23071877357000E-01	-8,45703794841000E-01	8,01779268677005E-04
725	5,60496338003000E-01	4,17234587721000E-01	7,15373436671000E-01	7,38526006521709E-04
726	-1,62807781767000E-01	7,72044440535000E-01	-6,14362277516000E-01	1,22373916537106E-03
727	8,33699345219000E-01	5,09328875897000E-01	-2,13376423157000E-01	1,16671614757322E-03
728	-3,59288638975000E-01	-9,04001352841000E-01	2,31717992321000E-01	1,11332355946989E-03
729	7,24825468180000E-02	-7,29667550340000E-02	-9,94697005659000E-01	8,48864314496662E-04
730	7,41699791872000E-01	-3,31027327166000E-01	-5,83354375492000E-01	1,12077502788270E-03
731	-2,43237087366000E-01	-1,61741822467000E-01	-9,56386586164000E-01	1,22923549437121E-03
732	-5,98805931496000E-01	-7,59226411615000E-01	-2,54964139267000E-01	1,05273539357506E-03
733	-7,33992438540000E-01	-2,36717301706000E-01	6,36568943037000E-01	7,56955710217704E-04
734	-5,66900540735000E-01	-7,35935987759000E-01	-3,70164826578000E-01	9,10791552075799E-04
735	6,29041406263000E-01	9,24608493000000E-02	7,71853548643000E-01	1,13684777888405E-03
736	5,53397504856000E-01	-1,89146432136000E-01	-8,11156476168000E-01	9,28281811141376E-04
737	-4,34725644763000E-01	-2,61512686244000E-01	-8,61756768885000E-01	1,27380327227224E-03
738	-8,07224618297000E-01	3,99545268477000E-01	-4,34455974816000E-01	1,11414159597745E-03
739	-8,24478227240000E-02	9,65164574900000E-02	9,91910746974000E-01	1,93987943990686E-03
740	-4,92839913192000E-01	-3,89518613995000E-01	7,78064309242000E-01	1,76634200013613E-03
741	3,72387672413000E-01	-7,66586110671000E-01	-5,23137798635000E-01	1,32009649438626E-03
742	-3,46749058607000E-01	-9,31243370294000E-01	-1,12030690614000E-01	8,03602900421895E-04
743	5,94848147373000E-01	-6,89160851480000E-02	-8,00878426963000E-01	1,03984077342219E-03
744	2,15360834209000E-01	9,76534090917000E-01	9,38278313000000E-04	8,63239101549560E-04
745	1,52633064230000E-02	4,42488046943000E-01	-8,96644500228000E-01	1,44319773609189E-03
746	3,58519277703000E-01	-7,00657417794000E-01	-6,16881763716000E-01	7,76139832800818E-04
747	-3,70959595816000E-01	4,36643260632000E-01	8,19592362834000E-01	2,81789074940259E-04
748	-3,76841735952000E-01	-2,39576913369000E-01	8,94758743252000E-01	2,05711639254171E-03
749	3,10178040948000E-01	5,63390412891000E-01	-7,65755068919000E-01	7,31228185421384E-04
750	4,13708376164000E-01	1,46171324768000E-01	8,98598532888000E-01	6,21721305264463E-04
751	8,41620194204000E-01	1,21521342374000E-01	5,26220497563000E-01	8,20276857299911E-04
752	5,77762949967000E-01	2,47630617417000E-01	-7,77733277520000E-01	8,88598186017534E-04
753	-6,94194295579000E-01	-6,93629344867000E-01	-1,92282635529000E-01	9,67088493907947E-04
754	1,21230605399000E-01	9,27602052360000E-02	-9,88280670983000E-01	1,30100645423507E-03
755	8,77802417656000E-01	-2,41448143357000E-01	4,13721778042000E-01	8,31183931544410E-04
756	2,10067487085000E-01	1,86463516233000E-01	-9,59741115085000E-01	9,62405680777977E-04
757	-5,91914600591000E-01	2,27275972300000E-02	8,05680185887000E-01	1,77812224062252E-03
758	-4,57567373685000E-01	-7,89199108533000E-01	-4,09630157128000E-01	9,61280591451887E-04
759	-2,76330232717000E-01	7,58122999253000E-01	-5,90670060601000E-01	8,54031827635794E-04
760	-2,63710798840000E-02	7,93977487212000E-01	-6,07374938523000E-01	7,80467159753331E-04
761	-5,61335110570000E-02	-1,02273107113000E-01	9,93171304709000E-01	2,27512713776429E-03
762	-4,94339179818000E-01	-8,17384273134000E-01	-2,95823807917000E-01	1,42459357016522E-03
763	1,36578065816000E-01	-7,32926261124000E-01	-6,66457446273000E-01	1,18374498636203E-03
764	1,62030767995000E-01	6,26435592459000E-01	7,62446377605000E-01	8,86514963974752E-04
765	2,88727494138000E-01	-8,32051181516000E-01	-4,73631993710000E-01	9,81469192058574E-04
766	7,49916145495000E-01	3,63227657613000E-01	5,52893699974000E-01	1,55198363749879E-03
767	2,75596386087000E-01	-4,68331485092000E-01	8,39471412287000E-01	7,10333874990222E-04
768	9,81065072130000E-02	7,81623597756000E-01	-6,15986740663000E-01	1,47162192326878E-03
769	-2,41566689860000E-01	-9,47276798102000E-01	2,10504636831000E-01	1,59818242455734E-03
770	6,66744608555000E-01	-6,36807029798000E-01	3,87205931983000E-01	5,27834744234871E-04
771	2,70637229513000E-01	6,63433162862000E-01	-6,97575751024000E-01	1,50892313745045E-03
772	4,67089192440000E-01	-6,81790546137000E-01	-5,63018061436000E-01	1,36183684793080E-03
773	8,82550325447000E-01	3,91130801364000E-01	2,61001186353000E-01	5,27963144898698E-04
774	-4,06222685500000E-02	-9,59905461889000E-01	2,77364986136000E-01	1,66728295930964E-03
775	-1,75745708320000E-01	-4,77830812029000E-01	-8,60692256897000E-01	1,09904694217214E-03
776	7,99094297787000E-01	1,16886640466000E-01	-5,89733682711000E-01	1,09401380255626E-03
777	-6,25114055391000E-01	3,14903163283000E-01	-7,14190741684000E-01	1,06184324695001E-03
778	-4,57811593695000E-01	-8,84968798303000E-01	-8,50809656020000E-02	1,51961598247218E-03
779	1,69587324868000E-01	-1,99977486427000E-01	9,65012509850000E-01	9,96326840805488E-04
780	-9,75797890626000E-01	9,60546433000000E-03	2,18463296012000E-01	1,26017311921928E-03
781	2,07294577416000E-01	-8,88715235039000E-01	-4,08918316029000E-01	1,01439737969206E-03
782	1,65210968800000E-01	-8,14558515740000E-02	9,82888742449000E-01	1,27516251660135E-03
783	3,31100600736000E-01	-4,43653985290000E-01	-8,32792611356000E-01	1,34710630170580E-03
784	1,80776069703000E-01	-3,48653663930000E-02	-9,82906108868000E-01	1,16645958040958E-03
785	-3,42824106413000E-01	8,76577760755000E-01	3,37761841262000E-01	5,29136168740566E-04
786	6,80013522113000E-01	1,85233783319000E-01	7,09415291110000E-01	1,46484629994815E-03
787	6,15166986557000E-01	7,45411867757000E-01	-2,56769791948000E-01	1,17076877077714E-03
788	7,55411692104000E-01	-1,86529549835000E-01	6,28140034126000E-01	1,27621415561422E-03
789	4,06165632156000E-01	6,14116424300000E-01	6,76676064790000E-01	1,37866456957694E-03
790	8,67665034582000E-01	-2,28273946700000E-03	4,97144020244000E-01	1,15154689835951E-03
791	-5,15405243206000E-01	-1,92499791450000E-02	-8,56730338893000E-01	7,67672122707004E-04
792	7,11337144769000E-01	-5,29818919135000E-01	4,61834796652000E-01	1,21604014152202E-03
793	5,38963420012000E-01	1,50964615418000E-01	-8,28690603772000E-01	1,22676187826461E-03
794	-3,65949444890000E-01	-3,53983352354000E-01	-8,60683908320000E-01	1,01591254889119E-03
795	5,11577933574000E-01	-8,30396908541000E-01	-2,20746443156000E-01	1,06435635253293E-03
796	-6,68267235015000E-01	-4,37251191155000E-01	6,01855712309000E-01	6,17417188067520E-04
797	6,37606340223000E-01	4,06434381997000E-01	-6,54422835816000E-01	9,21075213929503E-04
798	-9,58220283051000E-01	2,85452286279000E-01	1,81901458830000E-02	1,00325115694367E-03
799	4,44082374658000E-01	-2,17709173225000E-01	-8,69133798912000E-01	9,44823823071779E-04
800	-2,89289189908000E-01	1,66878655945000E-01	9,42583300718000E-01	1,48572966105691E-03
801	1,95210206059000E-01	-6,40072236202000E-01	-7,43101949865000E-01	8,30888613465500E-04
802	-3,38521526896000E-01	7,41659209680000E-02	-9,38031231887000E-01	8,78591368193865E-04
803	8,35109751750000E-01	4,97625515408000E-01	2,34436662975000E-01	1,51970134537273E-03
804	6,82624073801000E-01	-7,28265115607000E-01	-6,04507672220000E-02	8,31721472797823E-04
805	-7,07665196464000E-01	-2,68480770493000E-01	-6,53550338986000E-01	8,59356152622234E-04
806	-5,93628280260000E-02	-3,32646113271000E-01	9,41181501080000E-01	1,14335844055378E-03
807	8,24211150089000E-01	3,33124888799000E-01	4,57934262238000E-01	6,38761104327768E-04
808	7,78672732354000E-01	-3,72047119100000E-03	-6,27419264912000E-01	1,20022701760582E-03
809	-1,81668291577000E-01	3,95071936082000E-01	9,00508077229000E-01	4,21566674329820E-04
810	-7,28148523583000E-01	-5,77754056322000E-01	-3,68781748473000E-01	9,40938085256582E-04
811	-8,42387605154000E-01	3,11673845926000E-01	4,39593603739000E-01	1,17353508720798E-03
812	-2,76792910402000E-01	6,81518804206000E-01	-6,77434723250000E-01	1,33290221806666E-03
813	8,97791810052000E-01	-4,38943753867000E-01	-3,60311912790000E-02	1,72120515597821E-03
814	2,44856354130000E-01	5,38503514191000E-01	8,06262569543000E-01	1,42335504203514E-03
815	-2,58338381456000E-01	1,79005147276000E-01	-9,49325254017000E-01	1,25362239222212E-03
816	6,18944586690000E-01	7,21490321647000E-01	3,10417967226000E-01	9,30201782369642E-04
817	-8,77362005513000E-01	-4,31522324285000E-01	-2,09819910700000E-01	1,04318140802791E-03
818	8,48639889373000E-01	5,28033848927000E-01	3,14736802990000E-02	9,58346163172192E-04
819	-2,36839082258000E-01	4,88505998314000E-01	-8,39803035674000E-01	9,28959650909811E-04
820	-8,73418557361000E-01	4,75728806131000E-01	1,04029450994000E-01	1,18866662209144E-03
821	9,39543005708000E-01	-3,34052107309000E-01	-7,52869844470000E-02	8,79378759210424E-04
822	-5,22624028549000E-01	5,29775262144000E-01	6,67983754595000E-01	1,47799544491043E-03
823	5,38681740190000E-01	-5,85617756036000E-01	-6,05701103351000E-01	6,72011930772657E-04
824	3,25700397427000E-01	-2,39505032129000E-01	-9,14634676087000E-01	1,43054139590212E-03
825	-5,45306264044000E-01	2,96840432727000E-01	7,83917620603000E-01	3,93555169914261E-04
826	7,20377602584000E-01	8,13268626050000E-02	-6,88797540003000E-01	1,08794225509113E-03
827	1,43727367025000E-01	9,37742620391000E-01	3,16198073793000E-01	1,47249132609992E-03
828	2,26981947448000E-01	4,91912306485000E-01	-8,40536422923000E-01	1,40985541690618E-03
829	4,87893122163000E-01	-9,68684183780000E-02	-8,67511850563000E-01	1,38497519638212E-03
830	3,97953272301000E-01	8,68090973656000E-01	2,96734316388000E-01	6,55968387216446E-04
831	8,06189946977000E-01	-5,81736546045000E-01	1,07890501847000E-01	1,66437823355285E-03
832	7,20546631844000E-01	2,75440784391000E-01	6,36352831086000E-01	5,85070566511188E-04
833	8,84745068360000E-01	-2,57952230000000E-01	-3,88183991234000E-01	1,34663722090923E-03
834	-1,55252750900000E-01	-7,83450250362000E-01	6,01749356913000E-01	1,64595563752429E-03
835	6,87973581022000E-01	4,75898058562000E-01	5,47917320106000E-01	8,00575615000802E-04
836	-8,66232696714000E-01	4,35459814867000E-01	2,44980947789000E-01	1,26438732856534E-03
837	3,98091554935000E-01	7,63656234214000E-01	-5,08283650963000E-01	1,13430366994991E-03
838	9,51124859307000E-01	5,94863449590000E-02	3,03022898098000E-01	1,18426479847900E-03
839	8,31457601713000E-01	4,22350642638000E-01	3,60968407504000E-01	1,49122799185723E-03
840	7,70020701410000E-02	-2,78396761547000E-01	-9,57374495354000E-01	9,41996310421468E-04
841	-1,57653618634000E-01	8,93762931322000E-01	-4,19920419993000E-01	1,14643868908541E-03
842	8,45942472200000E-01	5,26073720051000E-01	-8,73371329950000E-02	9,96258966470139E-04
843	1,58731400123000E-01	-5,33529657643000E-01	8,30752939827000E-01	8,11626749206411E-04
844	4,94773346928000E-01	-3,27119963228000E-01	8,05103636079000E-01	1,46267761049224E-03
845	1,39862875987000E-01	-9,70074546222000E-01	-1,98478590013000E-01	8,52171860483807E-04
846	-9,73622617089000E-01	1,25423860690000E-02	-2,27819419812000E-01	8,59228641705672E-04
847	8,35473527100000E-03	-1,80101392610000E-01	-9,83612569449000E-01	1,09339004920385E-03
848	2,52281091650000E-02	-8,67471030703000E-01	-4,96847615873000E-01	1,38212714755213E-03
849	-7,46022261915000E-01	-4,44179352480000E-01	4,96140592533000E-01	1,57142935496402E-03
850	5,59943778220000E-01	3,63547894794000E-01	-7,44510505919000E-01	1,21914306023253E-03
851	-5,55558572846000E-01	1,02716949204000E-01	-8,25108417412000E-01	1,24866827441173E-03
852	-1,68873622591000E-01	-1,44750536136000E-01	9,74950758696000E-01	8,02296241577213E-04
853	-5,75973089396000E-01	-4,39029134590000E-01	-6,89571185065000E-01	8,93518483865008E-04
854	-3,89948712647000E-01	-3,57804011941000E-01	8,48478809720000E-01	1,52075710162660E-04
855	-7,12671252105000E-01	6,04651208939000E-01	3,55663607854000E-01	1,32360069016315E-03
856	9,27801715997000E-01	-1,49075107230000E-01	3,41995011948000E-01	1,20504087820638E-03
857	9,98719286333000E-01	1,22260469110000E-02	4,90949170790000E-02	1,13937112726609E-03
858	-3,25915221932000E-01	4,00740401337000E-01	-8,56263043024000E-01	9,85625706950830E-04
859	3,32029757216000E-01	9,19053073999000E-01	2,12362161166000E-01	1,27277271744283E-03
860	-7,24952201383000E-01	1,37750642889000E-01	6,74884483518000E-01	1,56823652416545E-03
861	7,38261726508000E-01	6,65624673282000E-01	1,09148602793000E-01	1,03705864080319E-03
862	-4,33245814889000E-01	-1,30979112830000E-02	9,01180619300000E-01	2,05764349956654E-03
863	5,78679106840000E-02	-1,29914453871000E-01	9,89835107272000E-01	5,34023480448619E-04
864	5,90989573119000E-01	8,06677112689000E-01	1,83312003400000E-03	1,19468008241306E-03
865	-9,57140081550000E-02	8,46689437061000E-01	-5,23407896208000E-01	1,29055608540620E-03
866	7,82803198093000E-01	6,05014584329000E-01	-1,45521496021000E-01	1,12909027386590E-03
867	5,91748592215000E-01	-2,44396685384000E-01	7,68182181377000E-01	1,25728822646093E-03
868	-6,37536569751000E-01	-7,55208684676000E-01	1,52338323547000E-01	6,49214806241570E-04
869	9,92784879648000E-01	1,13871513046000E-01	-3,75694191980000E-02	7,70525810281651E-04
870	-9,04389723249000E-01	-4,04704856805000E-01	1,35252383933000E-01	1,42987258671654E-03
871	-3,54692691726000E-01	-7,62612508775000E-01	5,40939234938000E-01	1,63882149217382E-03
872	-3,71424669451000E-01	6,05549546169000E-01	-7,03813513693000E-01	1,04914820189344E-03
873	1,14597638138000E-01	2,10460528130000E-02	9,93189027826000E-01	1,45608458401969E-03
874	7,45442861896000E-01	-5,73804706471000E-01	-3,39209520033000E-01	1,32523222290599E-03
875	-9,40414017393000E-01	2,21875433180000E-01	2,57667941431000E-01	1,12047488553845E-03
876	-8,07052253738000E-01	-5,83557164421000E-01	9,01537330900000E-02	1,34448343531013E-03
877	-5,87063299408000E-01	7,60292711848000E-01	-2,78049770363000E-01	1,03026882930164E-03
878	-6,15249929854000E-01	1,36025450800000E-03	-7,88330941624000E-01	1,28609123322535E-03
879	3,06572844202000E-01	-8,87143084637000E-01	-3,44949617449000E-01	1,17646788614694E-03
880	7,20126681340000E-01	6,09522986670000E-02	6,91160169649000E-01	7,54121748912911E-04
881	5,93013055166000E-01	-8,05004273899000E-01	-1,74251372380000E-02	8,81486670565094E-04
882	4,60486926048000E-01	-7,68387672351000E-01	4,44445920127000E-01	1,42454757922634E-03
883	1,40813220567000E-01	-1,68698439417000E-01	-9,75557519294000E-01	1,41453046632428E-03
884	-9,17393381624000E-01	3,35466333419000E-01	2,14130153167000E-01	1,05561804666953E-03
885	6,90760554403000E-01	-4,48501029972000E-01	-5,67183112050000E-01	6,80987623429529E-04
886	7,34022744630000E-01	2,03679049759000E-01	-6,47862219191000E-01	1,08233081387242E-03
887	6,33687213272000E-01	7,63767942902000E-01	1,22878171909000E-01	1,12968705691145E-03
888	8,70821834791000E-01	-4,87559848628000E-01	6,28866126970000E-02	5,23198246998177E-04
889	-4,83525689647000E-01	-6,03789973772000E-01	6,33751193312000E-01	1,43418084756495E-03
890	-7,13692039870000E-01	-6,17534438224000E-01	3,30597776511000E-01	1,09974938872882E-03
891	7,90278347327000E-01	3,56337594353000E-01	-4,98481346288000E-01	9,98858974937307E-04
892	-5,78493970900000E-01	5,92450662968000E-01	-5,60666511912000E-01	8,53919403143460E-04
893	-6,57996583785000E-01	5,89237495048000E-01	4,68870632646000E-01	7,45418277987663E-04
894	2,90239862492000E-01	-9,56932598442000E-01	-6,38938652400000E-03	1,22640796077949E-03
895	-4,11147369576000E-01	8,88745371649000E-01	-2,02705463330000E-01	1,28049794887794E-03
896	9,69441584378000E-01	2,12475062411000E-01	-1,22626923355000E-01	1,13384234832803E-03
897	-8,82693474970000E-02	8,36621939250000E-01	5,40622098195000E-01	1,31143566534752E-03
898	7,67754240300000E-02	-4,75257647454000E-01	-8,76490560589000E-01	1,01049459540641E-03
899	1,39495770207000E-01	4,16048998448000E-01	-8,98578967584000E-01	1,11039876035655E-03
900	9,87329964301000E-01	-8,35285869780000E-02	1,34916703009000E-01	1,35537282879297E-03
